0.5278231952521197
0.525270982861021
0.523173953295678
0.5214573822110682
0.5200566435436147
0.5189166171896482
0.5179908103864515
0.5172403552726645
0.5166329903478989
0.5161420917209834
0.5157457901054636
0.5154261893097282
0.5151686891072065
0.5149614077560026
0.5147946953876473
0.5146607277486319
0.5145531694674186
0.5144668965287886
0.5143977685704166
0.5143424427239363
0.5142982218548147
0.5142629311280721
0.5142348177981934
0.5142124699751704
0.5141947508533337
0.5141807455125864
0.514169717924004
0.514161076226054
0.5141543446964465
0.5141491411394813
0.5141451586501581
0.514142150913308
0.5141399203563906
0.514138308604909
0.5141371887950987
0.5141364593841897
0.5141360391678592
0.514135863270538
0.5141358799195404
0.5141360478505703
0.5141363342216907
0.5141367129366898
0.514137163297995
0.5141376689248089
0.5141382168846395
0.514138796996479
0.5141394012720228
0.5141400234678566
0.5141406587268239
0.5141413032910431
0.5141419542724543
0.5141426094695513
0.5141432672211619
0.5141439262899389
0.5141445857696563
0.5141452450115704
0.5141459035660358
0.5141465611363132
0.5141472175421219
0.5141478726909559
0.5141485265555954
0.5141491791565406
0.5141498305483568
0.5141504808091215
0.5141511300323229
0.5141517783206948
0.5141524257815729
0.514153072523444
0.5141537186534292
0.5141543642754877
0.514155009489184
0.5141556543888803
0.5141562990632591
0.5141569435950875
0.5141575880611677
0.5141582325324172
0.5141588770740462
0.514159521745797
0.5141601666022283
0.5141608116930225
0.5141614570633053
0.5141621027539678
0.5141627488019842
0.5141633952407176
0.5141640421002165
0.5141646894074913
0.5141653371867776
0.5141659854597812
0.5141666342459053
0.5141672835624603
0.5141679334248593
0.5141685838467949
0.5141692348404017
0.5141698864164078
0.514170538584268
0.5141711913522888
0.5141718447277411
0.5141724987169614
0.5141731533254442
0.5141738085579263
0.5141744644184622
0.5141751209104926
0.5141757780369057
0.5141764358000939
0.5141770942020031
0.5141777532441786
0.5141784129278058
0.5141790732537473
0.5141797342225758
0.514180395834603
0.5141810580899082
0.5141817209883616
0.5141823845296453
0.5141830487132738
0.5141837135386115
0.5141843790048877
0.5141850451112113
0.5141857118565836
0.51418637923991
0.5141870472600093
0.5141877159156234
0.5141883852054261
0.51418905512803
0.5141897256819936
0.5141903968658261
0.5141910686779949
0.5141917411169281
0.5141924141810208
0.5141930878686373
0.5141937621781163
0.5141944371077722
0.5141951126559003
0.5141957888207762
0.5141964656006607
0.5141971429938007
0.5141978209984313
0.5141984996127771
0.5141991788350538
0.5141998586634698
0.5142005390962273
0.5142012201315227
0.5142019017675483
0.5142025840024932
0.514203266834543
0.514203950261882
0.5142046342826925
0.5142053188951561
0.5142060040974538
0.5142066898877662
0.5142073762642752
0.5142080632251625
0.5142087507686112
0.5142094388928056
0.5142101275959314
0.5142108168761763
0.5142115067317296
0.5142121971607825
0.5142128881615294
0.5142135797321659
0.5142142718708906
0.5142149645759049
0.5142156578454125
0.5142163516776203
0.514217046070737
0.5142177410229757
0.5142184365325513
0.5142191325976818
0.514219829216589
0.5142205263874968
0.5142212241086327
0.514221922378227
0.5142226211945137
0.5142233205557291
0.5142240204601132
0.5142247209059092
0.5142254218913632
0.5142261234147243
0.5142268254742455
0.5142275280681821
0.514228231194793
0.5142289348523403
0.514229639039089
0.5142303437533073
0.5142310489932668
0.5142317547572419
0.5142324610435102
0.5142331678503524
0.5142338751760526
0.5142345830188975
0.5142352913771768
0.514236000249184
0.5142367096332149
0.5142374195275685
0.5142381299305471
0.5142388408404556
0.514239552255602
0.5142402641742976
0.5142409765948563
0.5142416895155947
0.514242402934833
0.5142431168508939
0.5142438312621026
0.5142445461667879
0.5142452615632812
0.5142459774499163
0.5142466938250309
0.5142474106869637
0.5142481280340582
0.5142488458646595
0.5142495641771156
0.5142502829697775
0.5142510022409983
0.5142517219891349
0.5142524422125462
0.5142531629095933
0.5142538840786409
0.5142546057180558
0.5142553278262079
0.5142560504014688
0.5142567734422137
0.5142574969468197
0.5142582209136667
0.5142589453411373
0.5142596702276161
0.5142603955714911
0.5142611213711517
0.5142618476249907
0.514262574331403
0.5142633014887856
0.5142640290955388
0.5142647571500644
0.5142654856507671
0.5142662145960539
0.5142669439843341
0.5142676738140194
0.5142684040835237
0.5142691347912636
0.5142698659356575
0.5142705975151264
0.5142713295280936
0.5142720619729846
0.5142727948482266
0.5142735281522502
0.5142742618834872
0.5142749960403719
0.5142757306213409
0.5142764656248326
0.5142772010492882
0.5142779368931505
0.5142786731548648
0.5142794098328779
0.514280146925639
0.5142808844315999
0.5142816223492137
0.5142823606769358
0.5142830994132236
0.5142838385565367
0.5142845781053366
0.5142853180580869
0.5142860584132525
0.5142867991693013
0.5142875403247021
0.5142882818779267
0.5142890238274479
0.5142897661717408
0.5142905089092822
0.5142912520385511
0.5142919955580281
0.5142927394661955
0.5142934837615376
0.5142942284425407
0.5142949735076924
0.5142957189554825
0.5142964647844024
0.5142972109929452
0.5142979575796062
0.5142987045428815
0.5142994518812697
0.5143001995932708
0.5143009476773864
0.5143016961321201
0.5143024449559767
0.5143031941474627
0.5143039437050868
0.5143046936273586
0.5143054439127898
0.514306194559893
0.5143069455671833
0.5143076969331765
0.5143084486563907
0.5143092007353446
0.5143099531685594
0.5143107059545571
0.5143114590918615
0.5143122125789978
0.5143129664144925
0.514313720596874
0.5143144751246714
0.5143152299964159
0.5143159852106396
0.5143167407658764
0.5143174966606615
0.514318252893531
0.5143190094630229
0.5143197663676761
0.5143205236060313
0.5143212811766302
0.5143220390780157
0.5143227973087321
0.5143235558673251
0.5143243147523417
0.5143250739623296
0.5143258334958383
0.5143265933514183
0.5143273535276212
0.5143281140229999
0.5143288748361088
0.5143296359655025
0.514330397409738
0.5143311591673723
0.5143319212369645
0.5143326836170738
0.5143334463062614
0.5143342093030894
0.5143349726061202
0.5143357362139181
0.5143365001250483
0.5143372643380767
0.5143380288515705
0.514338793664098
0.5143395587742277
0.5143403241805304
0.514341089881577
0.514341855875939
0.5143426221621898
0.5143433887389034
0.5143441556046541
0.5143449227580181
0.5143456901975716
0.5143464579218919
0.5143472259295578
0.5143479942191482
0.5143487627892431
0.5143495316384231
0.5143503007652706
0.5143510701683668
0.5143518398462961
0.5143526097976416
0.514353380020989
0.5143541505149227
0.51435492127803
0.514355692308897
0.5143564636061118
0.5143572351682626
0.5143580069939386
0.5143587790817297
0.5143595514302259
0.5143603240380185
0.5143610969036989
0.5143618700258599
0.5143626434030941
0.514363417033995
0.5143641909171568
0.5143649650511741
0.5143657394346423
0.5143665140661569
0.5143672889443145
0.514368064067712
0.5143688394349466
0.5143696150446161
0.514370390895319
0.5143711669856542
0.514371943314221
0.5143727198796191
0.5143734966804487
0.5143742737153104
0.5143750509828051
0.5143758284815346
0.5143766062101006
0.5143773841671051
0.514378162351151
0.514378940760841
0.5143797193947786
0.5143804982515675
0.514381277329811
0.514382056628114
0.5143828361450808
0.5143836158793162
0.5143843958294256
0.5143851759940139
0.514385956371687
0.5143867369610506
0.5143875177607107
0.5143882987692738
0.514389079985346
0.5143898614075344
0.5143906430344456
0.5143914248646866
0.5143922068968645
0.5143929891295866
0.5143937715614604
0.5143945541910935
0.5143953370170932
0.5143961200380676
0.5143969032526241
0.5143976866593711
0.514398470256916
0.5143992540438671
0.5144000380188323
0.5144008221804196
0.514401606527237
0.5144023910578926
0.5144031757709945
0.5144039606651505
0.5144047457389687
0.5144055309910568
0.5144063164200228
0.5144071020244743
0.514407887803019
0.5144086737542648
0.5144094598768189
0.5144102461692885
0.5144110326302811
0.5144118192584036
0.5144126060522629
0.5144133930104657
0.5144141801316187
0.5144149674143281
0.5144157548572004
0.514416542458841
0.5144173302178561
0.5144181181328509
0.5144189062024305
0.5144196944252004
0.5144204827997647
0.5144212713247281
0.5144220599986948
0.5144228488202683
0.5144236377880522
0.5144244269006496
0.5144252161566634
0.5144260055546959
0.514426795093349
0.5144275847712247
0.5144283745869243
0.5144291645390484
0.5144299546261977
0.514430744846972
0.5144315351999711
0.5144323256837943
0.5144331162970398
0.5144339070383063
0.514434697906191
0.5144354888992918
0.5144362800162046
0.5144370712555263
0.514437862615852
0.5144386540957773
0.5144394456938964
0.5144402374088035
0.5144410292390917
0.5144418211833542
0.5144426132401829
0.5144434054081695
0.514444197685905
0.5144449900719794
0.5144457825649827
0.514446575163504
0.5144473678661312
0.5144481606714524
0.5144489535780543
0.514449746584523
0.514450539689444
0.5144513328914023
0.5144521261889818
0.5144529195807658
0.5144537130653368
0.5144545066412765
0.5144553003071657
0.5144560940615845
0.5144568879031125
0.5144576818303277
0.5144584758418081
0.5144592699361303
0.5144600641118703
0.5144608583676029
0.5144616527019025
0.5144624471133421
0.5144632416004942
0.5144640361619299
0.5144648307962202
0.5144656255019341
0.5144664202776403
0.5144672151219063
0.5144680100332989
0.5144688050103838
0.514469600051725
0.5144703951558866
0.5144711903214307
0.5144719855469193
0.5144727808309125
0.5144735761719696
0.5144743715686492
0.514475167019508
0.5144759625231026
0.5144767580779875
0.514477553682717
0.5144783493358434
0.5144791450359183
0.5144799407814921
0.5144807365711142
0.514481532403332
0.5144823282766935
0.514483124189743
0.5144839201410254
0.514484716129084
0.5144855121524604
0.5144863082096953
0.5144871042993282
0.5144879004198969
0.5144886965699382
0.5144894927479876
0.5144902889525791
0.5144910851822457
0.5144918814355186
0.514492677710928
0.5144934740070024
0.5144942703222694
0.5144950666552548
0.5144958630044831
0.5144966593684772
0.5144974557457591
0.5144982521348487
0.5144990485342646
0.5144998449425247
0.5145006413581441
0.5145014377796375
0.5145022342055174
0.5145030306342953
0.5145038270644808
0.514504623494582
0.5145054199231056
0.5145062163485565
0.5145070127694384
0.514507809184253
0.5145086055915008
0.5145094019896799
0.5145101983772877
0.5145109947528196
0.514511791114769
0.514512587461628
0.5145133837918869
0.5145141801040345
0.5145149763965575
0.5145157726679415
0.5145165689166693
0.5145173651412229
0.5145181613400824
0.5145189575117259
0.5145197536546298
0.5145205497672685
0.5145213458481149
0.5145221418956399
0.5145229379083127
0.5145237338846005
0.5145245298229684
0.5145253257218805
0.5145261215797977
0.5145269173951803
0.5145277131664858
0.5145285088921703
0.5145293045706874
0.5145301002004892
0.5145308957800256
0.5145316913077449
0.514532486782093
0.5145332822015136
0.514534077564449
0.514534872869339
0.5145356681146216
0.5145364632987326
0.5145372584201059
0.5145380534771729
0.5145388484683632
0.5145396433921043
0.5145404382468219
0.5145412330309387
0.5145420277428756
0.5145428223810521
0.5145436169438845
0.5145444114297872
0.5145452058371727
0.5145460001644506
0.5145467944100296
0.5145475885723144
0.5145483826497085
0.5145491766406132
0.5145499705434269
0.5145507643565463
0.5145515580783653
0.5145523517072758
0.5145531452416672
0.5145539386799266
0.5145547320204387
0.5145555252615854
0.5145563184017473
0.5145571114393015
0.5145579043726229
0.5145586972000847
0.5145594899200565
0.5145602825309061
0.514561075030999
0.5145618674186976
0.514562659692362
0.5145634518503501
0.5145642438910172
0.5145650358127154
0.5145658276137951
0.5145666192926034
0.5145674108474853
0.514568202276783
0.5145689935788358
0.514569784751981
0.5145705757945527
0.5145713667048826
0.5145721574812996
0.5145729481221295
0.5145737386256964
0.5145745289903209
0.5145753192143209
0.5145761092960117
0.5145768992337059
0.514577689025713
0.5145784786703403
0.5145792681658915
0.5145800575106682
0.5145808467029684
0.5145816357410882
0.5145824246233196
0.5145832133479531
0.5145840019132752
0.51458479031757
0.5145855785591182
0.5145863666361984
0.5145871545470853
0.5145879422900512
0.514588729863365
0.5145895172652932
0.5145903044940987
0.5145910915480417
0.514591878425379
0.5145926651243646
0.5145934516432493
0.5145942379802808
0.5145950241337036
0.5145958101017596
0.5145965958826868
0.5145973814747207
0.5145981668760926
0.514598952085032
0.5145997370997639
0.5146005219185114
0.5146013065394928
0.5146020909609244
0.5146028751810185
0.5146036591979846
0.5146044430100288
0.5146052266153532
0.5146060100121578
0.5146067931986379
0.5146075761729866
0.5146083589333927
0.5146091414780423
0.5146099238051176
0.5146107059127977
0.5146114877992578
0.5146122694626701
0.5146130509012032
0.5146138321130221
0.5146146130962881
0.5146153938491594
0.5146161743697906
0.5146169546563321
0.5146177347069316
0.5146185145197324
0.5146192940928749
0.5146200734244951
0.5146208525127264
0.5146216313556974
0.5146224099515339
0.5146231882983572
0.5146239663942855
0.5146247442374333
0.514625521825911
0.5146262991578251
0.5146270762312788
0.5146278530443712
0.5146286295951976
0.5146294058818498
0.5146301819024152
0.5146309576549772
0.5146317331376165
0.5146325083484085
0.5146332832854253
0.5146340579467353
0.5146348323304025
0.5146356064344869
0.5146363802570447
0.5146371537961284
0.514637927049786
0.5146387000160614
0.5146394726929947
0.5146402450786219
0.5146410171709748
0.514641788968081
0.5146425604679643
0.5146433316686441
0.5146441025681353
0.5146448731644492
0.5146456434555928
0.5146464134395684
0.5146471831143744
0.514647952478005
0.5146487215284499
0.5146494902636948
0.5146502586817205
0.5146510267805042
0.5146517945580182
0.5146525620122308
0.5146533291411052
0.5146540959426013
0.5146548624146735
0.5146556285552724
0.5146563943623435
0.5146571598338289
0.514657924967665
0.5146586897617844
0.514659454214115
0.5146602183225798
0.5146609820850976
0.5146617454995824
0.5146625085639437
0.5146632712760865
0.5146640336339102
0.5146647956353111
0.5146655572781793
0.514666318560401
0.5146670794798573
0.5146678400344251
0.5146686002219758
0.5146693600403761
0.5146701194874883
0.5146708785611697
0.5146716372592723
0.5146723955796438
0.5146731535201268
0.5146739110785585
0.5146746682527721
0.514675425040595
0.5146761814398502
0.514676937448355
0.5146776930639221
0.5146784482843594
0.514679203107469
0.5146799575310488
0.514680711552891
0.5146814651707827
0.5146822183825057
0.5146829711858375
0.5146837235785491
0.5146844755584072
0.514685227123173
0.5146859782706025
0.5146867289984463
0.5146874793044495
0.5146882291863522
0.5146889786418891
0.5146897276687897
0.5146904762647777
0.5146912244275712
0.5146919721548838
0.5146927194444227
0.5146934662938902
0.5146942127009828
0.5146949586633915
0.5146957041788017
0.5146964492448936
0.5146971938593413
0.5146979380198136
0.5146986817239736
0.5146994249694785
0.5147001677539803
0.514700910075125
0.5147016519305525
0.5147023933178979
0.5147031342347894
0.5147038746788504
0.5147046146476979
0.5147053541389429
0.514706093150191
0.5147068316790417
0.5147075697230887
0.5147083072799195
0.514709044347116
0.5147097809222535
0.5147105170029019
0.514711252586625
0.5147119876709801
0.5147127222535188
0.5147134563317866
0.5147141899033225
0.51471492296566
0.5147156555163255
0.51471638755284
0.514717119072718
0.5147178500734675
0.5147185805525907
0.5147193105075829
0.5147200399359336
0.5147207688351257
0.5147214972026359
0.5147222250359341
0.5147229523324841
0.5147236790897431
0.514724405305162
0.5147251309761849
0.5147258561002498
0.5147265806747876
0.5147273046972229
0.5147280281649738
0.5147287510754516
0.5147294734260608
0.5147301952141997
0.5147309164372593
0.5147316370926243
0.5147323571776721
0.514733076689774
0.5147337956262943
0.5147345139845896
0.514735231762011
0.5147359489559015
0.514736665563598
0.5147373815824299
0.5147380970097201
0.514738811842784
0.5147395260789303
0.5147402397154602
0.5147409527496686
0.5147416651788426
0.514742377000262
0.5147430882112005
0.5147437988089232
0.514744508790689
0.514745218153749
0.5147459268953473
0.5147466350127204
0.5147473425030978
0.5147480493637013
0.5147487555917458
0.514749461184438
0.5147501661389775
0.5147508704525566
0.5147515741223601
0.5147522771455648
0.5147529795193406
0.5147536812408489
0.5147543823072442
0.5147550827156732
0.5147557824632748
0.5147564815471801
0.5147571799645123
0.5147578777123875
0.5147585747879132
0.5147592711881893
0.5147599669103082
0.514760661951354
0.5147613563084028
0.5147620499785228
0.5147627429587748
0.5147634352462105
0.5147641268378742
0.5147648177308024
0.5147655079220226
0.5147661974085551
0.5147668861874111
0.514767574255594
0.5147682616100994
0.5147689482479139
0.5147696341660162
0.5147703193613764
0.5147710038309564
0.5147716875717098
0.5147723705805815
0.514773052854508
0.5147737343904173
0.514774415185229
0.514775095235854
0.5147757745391945
0.5147764530921444
0.5147771308915884
0.514777807934403
0.5147784842174556
0.514779159737605
0.5147798344917016
0.5147805084765861
0.5147811816890908
0.514781854126039
0.5147825257842455
0.5147831966605154
0.5147838667516452
0.5147845360544223
0.514785204565625
0.5147858722820225
0.5147865392003749
0.5147872053174332
0.5147878706299384
0.5147885351346236
0.5147891988282114
0.514789861707416
0.5147905237689415
0.5147911850094828
0.5147918454257259
0.5147925050143465
0.5147931637720113
0.5147938216953774
0.5147944787810923
0.5147951350257939
0.51479579042611
0.5147964449786597
0.5147970986800514
0.5147977515268841
0.5147984035157471
0.5147990546432198
0.5147997049058718
0.5148003543002624
0.5148010028229415
0.5148016504704485
0.5148022972393131
0.514802943126055
0.5148035881271834
0.5148042322391977
0.514804875458587
0.5148055177818303
0.5148061592053956
0.514806799725742
0.5148074393393172
0.5148080780425585
0.5148087158318935
0.5148093527037387
0.5148099886545001
0.5148106236805738
0.5148112577783447
0.5148118909441871
0.5148125231744651
0.5148131544655317
0.514813784813729
0.5148144142153889
0.5148150426668319
0.514815670164368
0.5148162967042962
0.5148169222829044
0.5148175468964697
0.5148181705412581
0.5148187932135245
0.5148194149095126
0.5148200356254551
0.5148206553575733
0.5148212741020775
0.5148218918551665
0.514822508613028
0.514823124371838
0.5148237391277611
0.5148243528769512
0.514824965615549
0.5148255773396858
0.5148261880454795
0.5148267977290373
0.5148274063864546
0.5148280140138147
0.5148286206071897
0.5148292261626393
0.5148298306762115
0.5148304341439427
0.5148310365618567
0.5148316379259665
0.5148322382322715
0.5148328374767601
0.5148334356554082
0.5148340327641793
0.5148346287990252
0.5148352237558849
0.5148358176306852
0.5148364104193408
0.5148370021177537
0.5148375927218135
0.5148381822273971
0.5148387706303693
0.5148393579265818
0.5148399441118738
0.5148405291820719
0.5148411131329896
0.5148416959604283
0.5148422776601757
0.5148428582280067
0.5148434376596841
0.5148440159509567
0.5148445930975608
0.5148451690952193
0.514845743939642
0.5148463176265257
0.5148468901515535
0.5148474615103956
0.5148480316987087
0.5148486007121361
0.5148491685463078
0.5148497351968397
0.5148503006593346
0.5148508649293815
0.5148514280025562
0.5148519898744202
0.514852550540521
0.5148531099963933
0.5148536682375568
0.5148542252595179
0.5148547810577687
0.5148553356277874
0.5148558889650384
0.5148564410649714
0.5148569919230218
0.5148575415346115
0.5148580898951473
0.5148586370000219
0.5148591828446141
0.5148597274242868
0.5148602707343901
0.5148608127702582
0.5148613535272113
0.5148618930005543
0.5148624311855782
0.5148629680775585
0.5148635036717559
0.5148640379634163
0.5148645709477704
0.5148651026200343
0.5148656329754083
0.5148661620090781
0.5148666897162139
0.5148672160919705
0.5148677411314877
0.5148682648298896
0.514868787182285
0.5148693081837666
0.5148698278294128
0.5148703461142851
0.5148708630334295
0.5148713785818766
0.5148718927546411
0.5148724055467216
0.5148729169531009
0.5148734269687456
0.5148739355886064
0.5148744428076177
0.5148749486206978
0.5148754530227491
0.5148759560086565
0.5148764575732899
0.5148769577115019
0.5148774564181287
0.5148779536879898
0.5148784495158887
0.5148789438966112
0.5148794368249272
0.514879928295589
0.5148804183033328
0.514880906842877
0.5148813939089235
0.5148818794961568
0.5148823635992442
0.5148828462128363
0.5148833273315653
0.5148838069500472
0.5148842850628796
0.5148847616646435
0.5148852367499012
0.5148857103131983
0.5148861823490624
0.5148866528520029
0.5148871218165119
0.5148875892370631
0.5148880551081126
0.5148885194240982
0.5148889821794396
0.5148894433685381
0.5148899029857771
0.5148903610255213
0.5148908174821168
0.5148912723498922
0.5148917256231562
0.5148921772961996
0.5148926273632944
0.5148930758186936
0.5148935226566318
0.5148939678713238
0.5148944114569663
0.5148948534077362
0.5148952937177917
0.5148957323812716
0.5148961693922955
0.5148966047449631
0.5148970384333554
0.514897470451533
0.5148979007935376
0.5148983294533911
0.514898756425095
0.5148991817026318
0.5148996052799634
0.514900027151032
0.5149004473097595
0.514900865750048
0.5149012824657788
0.5149016974508135
0.5149021106989928
0.514902522204137
0.5149029319600461
0.514903339960499
0.514903746199254
0.5149041506700491
0.5149045533666006
0.5149049542826045
0.5149053534117353
0.5149057507476462
0.5149061462839696
0.5149065400143167
0.5149069319322768
0.5149073220314178
0.5149077103052861
0.5149080967474068
0.5149084813512828
0.5149088641103952
0.5149092450182033
0.5149096240681449
0.5149100012536344
0.5149103765680654
0.5149107500048083
0.5149111215572116
0.5149114912186015
0.5149118589822812
0.5149122248415314
0.51491258878961
0.5149129508197529
0.514913310925172
0.5149136690990568
0.5149140253345736
0.5149143796248654
0.5149147319630524
0.5149150823422307
0.5149154307554736
0.5149157771958308
0.5149161216563278
0.514916464129967
0.5149168046097267
0.5149171430885611
0.5149174795594009
0.5149178140151522
0.5149181464486972
0.5149184768528934
0.5149188052205744
0.5149191315445489
0.5149194558176013
0.514919778032491
0.5149200981819531
0.5149204162586969
0.5149207322554075
0.514921046164745
0.5149213579793435
0.5149216676918125
0.5149219752947359
0.514922280780672
0.5149225841421536
0.5149228853716877
0.5149231844617554
0.5149234814048124
0.5149237761932877
0.5149240688195845
0.5149243592760799
0.5149246475551243
0.5149249336490422
0.514925217550131
0.5149254992506616
0.5149257787428785
0.5149260560189984
0.5149263310712124
0.5149266038916833
0.5149268744725475
0.5149271428059133
0.5149274088838625
0.5149276726984485
0.5149279342416978
0.5149281935056087
0.5149284504821519
0.5149287051632696
0.5149289575408764
0.5149292076068587
0.5149294553530743
0.5149297007713531
0.5149299438534957
0.5149301845912745
0.5149304229764328
0.5149306590006855
0.514930892655718
0.514931123933187
0.5149313528247196
0.5149315793219136
0.5149318034163373
0.5149320250995293
0.5149322443629991
0.5149324611982251
0.5149326755966572
0.5149328875497142
0.5149330970487845
0.5149333040852273
0.5149335086503702
0.514933710735511
0.5149339103319158
0.5149341074308209
0.5149343020234313
0.5149344941009206
0.5149346836544315
0.514934870675075
0.5149350551539313
0.514935237082048
0.5149354164504418
0.5149355932500975
0.514935767471967
0.5149359391069713
0.5149361081459982
0.5149362745799035
0.5149364383995105
0.5149365995956097
0.514936758158959
0.5149369140802831
0.5149370673502736
0.5149372179595894
0.5149373658988555
0.5149375111586637
0.5149376537295721
0.5149377936021052
0.5149379307667533
0.5149380652139728
0.5149381969341864
0.5149383259177817
0.5149384521551121
0.5149385756364969
0.51493869635222
0.5149388142925307
0.5149389294476435
0.5149390418077372
0.5149391513629555
0.514939258103407
0.514939362019164
0.5149394631002638
0.5149395613367075
0.5149396567184595
0.514939749235449
0.5149398388775683
0.5149399256346732
0.514940009496583
0.51494009045308
0.51494016849391
0.5149402436087808
0.5149403157873637
0.5149403850192923
0.5149404512941628
0.5149405146015333
0.5149405749309243
0.5149406322718182
0.5149406866136589
0.5149407379458522
0.5149407862577655
0.514940831538727
0.5149408737780268
0.5149409129649154
0.514940949088604
0.5149409821382648
0.5149410121030306
0.5149410389719941
0.5149410627342085
0.5149410833786868
0.514941100894402
0.5149411152702866
0.5149411264952325
0.5149411345580912
0.5149411394476731
0.5149411411527478
0.5149411396620431
0.5149411349642465
0.5149411270480029
0.5149411159019162
0.5149411015145479
0.5149410838744176
0.5149410629700027
0.5149410387897386
0.5149410113220172
0.514940980555188
0.5149409464775577
0.5149409090773902
0.514940868342905
0.5149408242622785
0.5149407768236445
0.5149407260150913
0.514940671824664
0.5149406142403635
0.5149405532501458
0.5149404888419226
0.5149404210035606
0.5149403497228819
0.5149402749876625
0.5149401967856342
0.5149401151044822
0.5149400299318465
0.514939941255321
0.5149398490624533
0.5149397533407447
0.5149396540776499
0.514939551260577
0.5149394448768869
0.5149393349138937
0.5149392213588637
0.5149391041990161
0.5149389834215219
0.5149388590135041
0.5149387309620385
0.5149385992541509
0.51493846387682
0.5149383248169749
0.5149381820614958
0.5149380355972139
0.5149378854109108
0.5149377314893185
0.5149375738191194
0.5149374123869455
0.5149372471793787
0.5149370781829503
0.5149369053841408
0.5149367287693806
0.5149365483250476
0.5149363640374693
0.5149361758929215
0.514935983877628
0.5149357879777605
0.5149355881794389
0.5149353844687299
0.5149351768316481
0.5149349652541553
0.5149347497221595
0.5149345302215157
0.5149343067380253
0.514934079257436
0.5149338477654408
0.5149336122476794
0.5149333726897358
0.5149331290771403
0.5149328813953673
0.5149326296298364
0.514932373765912
0.5149321137889019
0.5149318496840587
0.5149315814365786
0.514931309031601
0.514931032454209
0.5149307516894286
0.5149304667222285
0.5149301775375201
0.5149298841201573
0.5149295864549353
0.5149292845265923
0.5149289783198068
0.5149286678191991
0.514928353009331
0.5149280338747045
0.5149277103997624
0.5149273825688875
0.514927050366403
0.5149267137765713
0.5149263727835947
0.514926027371615
0.5149256775247121
0.5149253232269051
0.5149249644621517
0.5149246012143475
0.5149242334673256
0.5149238612048577
0.514923484410652
0.5149231030683536
0.5149227171615455
0.5149223266737457
0.5149219315884098
0.5149215318889284
0.5149211275586285
0.5149207185807716
0.5149203049385551
0.514919886615111
0.5149194635935055
0.5149190358567395
0.5149186033877473
0.5149181661693976
0.5149177241844918
0.5149172774157648
0.514916825845884
0.5149163694574492
0.514915908232993
0.5149154421549793
0.5149149712058038
0.5149144953677932
0.5149140146232056
0.5149135289542297
0.5149130383429842
0.5149125427715182
0.5149120422218103
0.5149115366757694
0.5149110261152321
0.5149105105219648
0.514909989877662
0.5149094641639467
0.5149089333623695
0.5149083974544089
0.5149078564214697
0.5149073102448848
0.5149067589059129
0.5149062023857391
0.5149056406654746
0.5149050737261558
0.5149045015487449
0.5149039241141284
0.5149033414031182
0.5149027533964495
0.5149021600747821
0.5149015614186989
0.5149009574087065
0.5149003480252342
0.5148997332486336
0.5148991130591789
0.5148984874370659
0.5148978563624119
0.5148972198152554
0.5148965777755558
0.5148959302231927
0.514895277137966
0.5148946184995954
0.5148939542877196
0.5148932844818969
0.5148926090616031
0.5148919280062336
0.5148912412951012
0.5148905489074359
0.5148898508223855
0.5148891470190138
0.5148884374763016
0.514887722173146
0.5148870010883588
0.5148862742006681
0.5148855414887162
0.5148848029310603
0.5148840585061718
0.5148833081924351
0.5148825519681491
0.5148817898115249
0.5148810217006864
0.5148802476136694
0.5148794675284217
0.5148786814228029
0.5148778892745829
0.5148770910614424
0.5148762867609725
0.5148754763506737
0.5148746598079562
0.5148738371101387
0.5148730082344487
0.5148721731580221
0.5148713318579021
0.5148704843110394
0.5148696304942911
0.514868770384421
0.5148679039580996
0.5148670311919016
0.5148661520623079
0.514865266545704
0.514864374618379
0.5148634762565266
0.5148625714362438
0.51486166013353
0.5148607423242877
0.5148598179843211
0.5148588870893365
0.5148579496149408
0.5148570055366419
0.5148560548298482
0.5148550974698672
0.5148541334319068
0.5148531626910727
0.5148521852223698
0.5148512010007007
0.5148502100008652
0.5148492121975607
0.5148482075653811
0.5148471960788156
0.5148461777122497
0.514845152439964
0.5148441202361335
0.5148430810748273
0.5148420349300085
0.514840981775533
0.5148399215851495
0.5148388543324989
0.5148377799911139
0.5148366985344184
0.5148356099357265
0.5148345141682433
0.5148334112050629
0.5148323010191685
0.5148311835834327
0.5148300588706154
0.5148289268533647
0.5148277875042153
0.5148266407955888
0.514825486699793
0.514824325189021
0.5148231562353505
0.5148219798107444
0.5148207958870488
0.5148196044359938
0.514818405429192
0.5148171988381385
0.5148159846342094
0.514814762788663
0.514813533272638
0.5148122960571526
0.514811051113105
0.5148097984112725
0.5148085379223103
0.5148072696167518
0.5148059934650075
0.514804709437365
0.5148034175039873
0.5148021176349132
0.5148008098000568
0.5147994939692064
0.5147981701120234
0.5147968381980439
0.5147954981966747
0.514794150077196
0.5147927938087593
0.5147914293603859
0.5147900567009684
0.5147886757992682
0.514787286623916
0.514785889143411
0.5147844833261198
0.5147830691402765
0.5147816465539811
0.5147802155352001
0.5147787760517648
0.5147773280713712
0.5147758715615792
0.5147744064898122
0.5147729328233561
0.5147714505293589
0.51476995957483
0.5147684599266394
0.5147669515515171
0.5147654344160526
0.5147639084866942
0.5147623737297482
0.5147608301113782
0.5147592775976046
0.5147577161543042
0.5147561457472081
0.5147545663419034
0.5147529779038302
0.5147513803982823
0.514749773790406
0.5147481580451997
0.5147465331275125
0.5147448990020446
0.5147432556333454
0.5147416029858138
0.5147399410236968
0.5147382697110892
0.5147365890119324
0.5147348988900142
0.5147331993089678
0.5147314902322712
0.5147297716232462
0.5147280434450575
0.5147263056607133
0.5147245582330621
0.5147228011247944
0.5147210342984405
0.5147192577163705
0.5147174713407925
0.5147156751337529
0.5147138690571356
0.51471205307266
0.5147102271418815
0.5147083912261904
0.5147065452868108
0.5147046892848
0.5147028231810475
0.5147009469362749
0.514699060511034
0.5146971638657069
0.5146952569605044
0.5146933397554665
0.5146914122104596
0.5146894742851775
0.5146875259391396
0.5146855671316901
0.5146835978219981
0.514681617969055
0.5146796275316752
0.5146776264684945
0.5146756147379696
0.5146735922983772
0.5146715591078124
0.514669515124189
0.5146674603052381
0.5146653946085065
0.5146633179913572
0.5146612304109672
0.5146591318243278
0.5146570221882426
0.5146549014593272
0.5146527695940083
0.5146506265485222
0.5146484722789151
0.5146463067410411
0.5146441298905607
0.5146419416829424
0.5146397420734586
0.514637531017187
0.5146353084690085
0.5146330743836067
0.5146308287154666
0.514628571418874
0.5146263024479141
0.5146240217564712
0.5146217292982269
0.5146194250266598
0.5146171088950443
0.5146147808564491
0.5146124408637366
0.5146100888695626
0.5146077248263743
0.5146053486864092
0.5146029604016947
0.5146005599240471
0.5145981472050702
0.5145957221961541
0.5145932848484751
0.5145908351129931
0.5145883729404518
0.5145858982813776
0.5145834110860777
0.51458091130464
0.5145783988869311
0.514575873782596
0.5145733359410566
0.5145707853115105
0.5145682218429303
0.5145656454840624
0.5145630561834251
0.5145604538893096
0.5145578385497755
0.5145552101126533
0.5145525685255405
0.5145499137358021
0.5145472456905686
0.5145445643367351
0.5145418696209606
0.5145391614896656
0.5145364398890329
0.5145337047650039
0.5145309560632798
0.5145281937293191
0.5145254177083365
0.5145226279453021
0.5145198243849397
0.5145170069717264
0.5145141756498902
0.5145113303634097
0.5145084710560127
0.5145055976711749
0.5145027101521181
0.51449980844181
0.514496892482962
0.5144939622180285
0.5144910175892053
0.5144880585384286
0.5144850850073737
0.5144820969374528
0.5144790942698156
0.5144760769453463
0.5144730449046626
0.5144699980881149
0.5144669364357849
0.5144638598874838
0.5144607683827513
0.514457661860854
0.5144545402607847
0.5144514035212601
0.5144482515807198
0.5144450843773255
0.5144419018489585
0.5144387039332197
0.5144354905674269
0.5144322616886139
0.514429017233529
0.5144257571386343
0.514422481340103
0.514419189773819
0.5144158823753749
0.5144125590800708
0.5144092198229127
0.5144058645386106
0.5144024931615788
0.5143991056259319
0.5143957018654853
0.5143922818137523
0.5143888454039434
0.5143853925689652
0.5143819232414176
0.5143784373535933
0.514374934837476
0.5143714156247384
0.5143678796467415
0.514364326834532
0.5143607571188419
0.5143571704300858
0.5143535666983603
0.5143499458534414
0.5143463078247836
0.5143426525415187
0.5143389799324527
0.5143352899260655
0.5143315824505087
0.5143278574336042
0.5143241148028421
0.51432035448538
0.5143165764080401
0.5143127804973081
0.5143089666793317
0.5143051348799186
0.5143012850245351
0.5142974170383039
0.5142935308460029
0.514289626372063
0.5142857035405666
0.514281762275246
0.5142778024994812
0.5142738241362984
0.5142698271083685
0.5142658113380048
0.5142617767471613
0.514257723257431
0.5142536507900446
0.5142495592658671
0.5142454486053982
0.5142413187287684
0.5142371695557385
0.5142330010056968
0.514228812997658
0.514224605450261
0.5142203782817667
0.5142161314100566
0.5142118647526305
0.5142075782266049
0.5142032717487107
0.5141989452352916
0.5141945986023022
0.5141902317653051
0.5141858446394704
0.5141814371395724
0.5141770091799889
0.5141725606746974
0.514168091537275
0.5141636016808954
0.5141590910183265
0.5141545594619293
0.5141500069236548
0.5141454333150434
0.514140838547221
0.5141362225308983
0.5141315851763679
0.5141269263935029
0.5141222460917539
0.5141175441801478
0.5141128205672847
0.5141080751613367
0.5141033078700451
0.5140985186007182
0.5140937072602295
0.514088873755015
0.5140840179910718
0.5140791398739547
0.514074239308775
0.5140693162001979
0.5140643704524402
0.5140594019692677
0.5140544106539935
0.5140493964094753
0.5140443591381136
0.5140392987418487
0.5140342151221587
0.5140291081800573
0.5140239778160913
0.5140188239303382
0.5140136464224037
0.5140084451914194
0.5140032201360412
0.5139979711544452
0.5139926981443269
0.5139874010028975
0.5139820796268828
0.5139767339125192
0.5139713637555524
0.5139659690512344
0.5139605496943214
0.5139551055790703
0.5139496365992376
0.5139441426480758
0.5139386236183313
0.5139330794022414
0.5139275098915324
0.5139219149774163
0.5139162945505892
0.513910648501227
0.5139049767189847
0.5138992790929923
0.5138935555118531
0.5138878058636404
0.5138820300358948
0.5138762279156224
0.5138703993892908
0.5138645443428276
0.5138586626616163
0.5138527542304951
0.5138468189337532
0.5138408566551279
0.513834867277802
0.5138288506844021
0.5138228067569932
0.513816735377079
0.5138106364255965
0.5138045097829145
0.5137983553288303
0.513792172942567
0.5137859625027701
0.5137797238875059
0.5137734569742565
0.5137671616399186
0.5137608377607998
0.5137544852126159
0.5137481038704877
0.5137416936089381
0.5137352543018888
0.513728785822658
0.5137222880439564
0.5137157608378848
0.5137092040759311
0.5137026176289669
0.5136960013672438
0.5136893551603919
0.5136826788774149
0.5136759723866885
0.5136692355559557
0.5136624682523252
0.5136556703422666
0.5136488416916084
0.5136419821655351
0.513635091628582
0.5136281699446339
0.513621216976921
0.5136142325880158
0.5136072166398293
0.5136001689936092
0.5135930895099341
0.5135859780487125
0.5135788344691784
0.5135716586298875
0.5135644503887148
0.5135572096028507
0.513549936128797
0.5135426298223648
0.5135352905386701
0.51352791813213
0.5135205124564601
0.5135130733646711
0.5135056007090639
0.5134980943412273
0.5134905541120346
0.5134829798716387
0.5134753714694703
0.5134677287542329
0.513460051573899
0.5134523397757084
0.5134445932061623
0.5134368117110214
0.5134289951353006
0.5134211433232666
0.5134132561184336
0.5134053333635599
0.5133973749006436
0.5133893805709194
0.5133813502148546
0.5133732836721454
0.5133651807817128
0.513357041381699
0.5133488653094636
0.51334065240158
0.5133324024938304
0.5133241154212033
0.5133157910178889
0.5133074291172753
0.5132990295519442
0.5132905921536679
0.5132821167534038
0.5132736031812921
0.5132650512666507
0.5132564608379712
0.5132478317229154
0.513239163748311
0.5132304567401469
0.5132217105235709
0.5132129249228831
0.5132040997615336
0.5131952348621179
0.5131863300463726
0.5131773851351707
0.5131683999485191
0.5131593743055521
0.5131503080245292
0.5131412009228298
0.5131320528169483
0.5131228635224918
0.5131136328541743
0.5131043606258124
0.5130950466503218
0.5130856907397122
0.5130762927050833
0.5130668523566201
0.5130573695035893
0.5130478439543338
0.513038275516269
0.5130286639958785
0.513019009198709
0.5130093109293659
0.5129995689915092
0.5129897831878492
0.5129799533201413
0.5129700791891817
0.5129601605948032
0.5129501973358699
0.5129401892102734
0.5129301360149274
0.5129200375457643
0.512909893597729
0.5128997039647754
0.5128894684398609
0.5128791868149429
0.5128688588809727
0.5128584844278917
0.5128480632446264
0.5128375951190833
0.5128270798381453
0.5128165171876652
0.512805906952462
0.5127952489163161
0.5127845428619642
0.5127737885710946
0.5127629858243417
0.5127521344012824
0.5127412340804298
0.5127302846392295
0.5127192858540539
0.5127082375001972
0.5126971393518714
0.5126859911822004
0.5126747927632148
0.5126635438658484
0.5126522442599313
0.5126408937141863
0.512629491996223
0.5126180388725331
0.5126065341084858
0.5125949774683216
0.5125833687151483
0.5125717076109351
0.512559993916508
0.5125482273915442
0.5125364077945674
0.5125245348829427
0.5125126084128708
0.5125006281393835
0.5124885938163373
0.5124765051964104
0.512464362031095
0.5124521640706943
0.5124399110643147
0.5124276027598635
0.512415238904041
0.5124028192423365
0.5123903435190236
0.5123778114771528
0.5123652228585486
0.5123525774038025
0.5123398748522681
0.5123271149420561
0.5123142974100287
0.5123014219917938
0.5122884884217006
0.5122754964328329
0.5122624457570051
0.5122493361247553
0.5122361672653413
0.5122229389067341
0.5122096507756131
0.5121963025973602
0.5121828940960549
0.5121694249944679
0.5121558950140566
0.5121423038749591
0.5121286512959888
0.512114936994629
0.5121011606870268
0.5120873220879887
0.5120734209109742
0.5120594568680904
0.5120454296700866
0.5120313390263489
0.512017184644894
0.5120029662323649
0.5119886834940237
0.5119743361337478
0.5119599238540227
0.5119454463559374
0.5119309033391787
0.511916294502025
0.5119016195413421
0.5118868781525758
0.5118720700297479
0.5118571948654496
0.511842252350836
0.5118272421756216
0.5118121640280728
0.5117970175950043
0.5117818025617716
0.5117665186122671
0.5117511654289135
0.5117357426926583
0.5117202500829686
0.5117046872778251
0.5116890539537166
0.5116733497856343
0.5116575744470669
0.5116417276099939
0.5116258089448811
0.511609818120674
0.5115937548047929
0.5115776186631273
0.5115614093600299
0.5115451265583115
0.5115287699192352
0.5115123391025111
0.51149583376629
0.5114792535671587
0.5114625981601344
0.5114458671986586
0.5114290603345919
0.5114121772182089
0.511395217498192
0.511378180821626
0.5113610668339934
0.5113438751791677
0.5113266054994097
0.5113092574353596
0.5112918306260338
0.5112743247088183
0.5112567393194638
0.5112390740920801
0.5112213286591303
0.5112035026514266
0.5111855956981233
0.5111676074267131
0.5111495374630207
0.5111313854311982
0.511113150953719
0.5110948336513734
0.5110764331432627
0.5110579490467944
0.5110393809776765
0.5110207285499134
0.5110019913757993
0.5109831690659138
0.5109642612291169
0.5109452674725437
0.5109261874015992
0.510907020619954
0.5108877667295374
0.5108684253305351
0.510848996021382
0.5108294783987581
0.5108098720575839
0.5107901765910148
0.5107703915904368
0.5107505166454613
0.510730551343921
0.5107104952718639
0.5106903480135496
0.5106701091514442
0.5106497782662156
0.5106293549367297
0.510608838740044
0.5105882292514043
0.5105675260442413
0.5105467286901626
0.5105258367589521
0.5105048498185636
0.5104837674351161
0.5104625891728907
0.5104413145943257
0.5104199432600122
0.5103984747286898
0.5103769085572433
0.5103552443006975
0.5103334815122138
0.5103116197430858
0.5102896585427357
0.51026759745871
0.5102454360366758
0.5102231738204169
0.5102008103518301
0.5101783451709211
0.5101557778158019
0.5101331078226853
0.5101103347258835
0.5100874580578023
0.51006447734894
0.5100413921278819
0.5100182019212985
0.5099949062539411
0.509971504648639
0.5099479966262969
0.5099243817058903
0.5099006594044643
0.5098768292371292
0.5098528907170579
0.5098288433554834
0.509804686661696
0.5097804201430398
0.5097560433049111
0.5097315556507553
0.5097069566820636
0.5096822458983723
0.5096574227972587
0.50963248687434
0.5096074376232702
0.5095822745357383
0.509556997101467
0.5095316048082086
0.5095060971417453
0.5094804735858862
0.5094547336224657
0.5094288767313416
0.5094029023903941
0.5093768100755236
0.5093505992606495
0.5093242694177089
0.5092978200166558
0.5092712505254584
0.5092445604100997
0.5092177491345754
0.5091908161608935
0.509163760949073
0.5091365829571439
0.5091092816411456
0.5090818564551269
0.5090543068511456
0.5090266322792678
0.508998832187568
0.5089709060221282
0.5089428532270389
0.5089146732443981
0.5088863655143121
0.5088579294748953
0.508829364562271
0.508800670210571
0.508771845851937
0.5087428909165209
0.5087138048324856
0.5086845870260054
0.5086552369212678
0.5086257539404737
0.5085961375038395
0.5085663870295971
0.5085365019339971
0.5085064816313087
0.5084763255338219
0.5084460330518497
0.5084156035937288
0.5083850365658235
0.5083543313725256
0.5083234874162585
0.5082925040974783
0.5082613808146766
0.5082301169643834
0.5081987119411697
0.50816716513765
0.508135475944486
0.5081036437503883
0.5080716679421213
0.5080395479045059
0.5080072830204221
0.507974872670814
0.5079423162346925
0.5079096130891397
0.5078767626093134
0.5078437641684495
0.5078106171378681
0.5077773208869774
0.5077438747832775
0.5077102781923661
0.5076765304779427
0.5076426310018136
0.5076085791238976
0.5075743742022303
0.5075400155929704
0.5075055026504043
0.5074708347269531
0.5074360111731769
0.5074010313377821
0.507365894567626
0.507330600207725
0.5072951476012595
0.5072595360895807
0.507223765012218
0.5071878337068849
0.507151741509487
0.5071154877541285
0.5070790717731192
0.5070424928969832
0.507005750454465
0.5069688437725388
0.5069317721764146
0.5068945349895484
0.5068571315336488
0.5068195611286855
0.5067818230928994
0.5067439167428094
0.5067058413932222
0.506667596357241
0.5066291809462754
0.50659059447005
0.5065518362366136
0.5065129055523502
0.5064738017219874
0.5064345240486072
0.506395071833656
0.5063554443769548
0.5063156409767096
0.5062756609295223
0.5062355035304011
0.5061951680727723
0.5061546538484901
0.5061139601478494
0.5060730862595959
0.5060320314709384
0.5059907950675608
0.5059493763336335
0.5059077745518259
0.5058659890033186
0.5058240189678156
0.5057818637235572
0.5057395225473331
0.5056969947144941
0.505654279498967
0.5056113761732667
0.505568284008509
0.5055250022744266
0.5054815302393803
0.5054378671703743
0.5053940123330702
0.5053499649918012
0.5053057244095864
0.5052612898481452
0.5052166605679126
0.5051718358280542
0.5051268148864804
0.5050815969998628
0.505036181423649
0.504990567412078
0.5049447542181973
0.5048987410938764
0.5048525272898257
0.5048061120556104
0.5047594946396686
0.5047126742893269
0.5046656502508176
0.5046184217692953
0.5045709880888546
0.5045233484525462
0.5044755021023957
0.5044274482794201
0.504379186223646
0.5043307151741272
0.5042820343689632
0.5042331430453167
0.5041840404394327
0.5041347257866562
0.5040851983214519
0.5040354572774222
0.5039855018873262
0.503935331383099
0.503884944995872
0.50383434195599
0.5037835214930331
0.503732482835835
0.503681225212504
0.5036297478504416
0.5035780499763645
0.5035261308163229
0.5034739895957231
0.5034216255393462
0.5033690378713708
0.5033162258153918
0.503263188594443
0.503209925431018
0.5031564355470912
0.5031027181641397
0.5030487725031647
0.502994597784713
0.5029401932288994
0.5028855580554284
0.5028306914836173
0.5027755927324163
0.5027202610204335
0.5026646955659559
0.5026088955869727
0.502552860301198
0.5024965889260933
0.5024400806788915
0.5023833347766197
0.5023263504361221
0.5022691268740841
0.5022116633070557
0.502153958951475
0.5020960130236922
0.5020378247399937
0.5019793933166257
0.5019207179698189
0.5018617979158124
0.5018026323708786
0.5017432205513468
0.5016835616736292
0.5016236549542443
0.5015634996098424
0.5015030948572308
0.501442439913398
0.5013815339955401
0.5013203763210851
0.501258966107718
0.501197302573408
0.5011353849364318
0.5010732124154009
0.5010107842292871
0.5009480995974477
0.500885157739652
0.5008219578761071
0.5007584992274845
0.5006947810149458
0.5006308024601693
0.5005665627853764
0.5005020612133579
0.5004372969675007
0.5003722692718147
0.500306977350959
0.5002414204302698
0.5001755977357856
0.5001095084942758
0.500043151933267
0.4999765272810703
0.4999096337668085
0.4998424706204434
0.49977503707280296
0.49970733235560927
0.4996393557015054
0.49957110634408375
0.4995025835179128
0.4994337864585655
0.4993647144026468
0.4992953665878215
0.4992257422528421
0.49915584063757723
0.4990856609830389
0.4990152025314113
0.4989444645260783
0.4988734462116524
0.4988021468340025
0.49873056564028256
0.4986587018789593
0.4985865547998416
0.4985141236541086
0.49844140769433776
0.49836840617453426
0.49829511835015916
0.4982215434781584
0.4981476808169913
0.4980735296266594
0.4979990891687357
0.497924358706393
0.4978493375044333
0.49777402482931654
0.49769841994919006
0.497622522133917
0.4975463306551061
0.49746984478614076
0.49739306380220794
0.49731598698032786
0.4972386135993832
0.4971609429401481
0.49708297428531845
0.49700470691954046
0.4969261401294406
0.496847273203655
0.49676810543285954
0.4966886361097985
0.4966088645293154
0.49652878998838157
0.4964484117861269
0.4963677292238693
0.4962867416051442
0.49620544823573504
0.4961238484237028
0.49604194147941594
0.4959597267155811
0.4958772034472722
0.49579437099196133
0.49571122866954864
0.49562777580239203
0.4955440117153386
0.49545993573575386
0.49537554719355253
0.49529084542122903
0.4952058297538876
0.4951204995292726
0.4950348540878002
0.4949488927725872
0.49486261492948364
0.4947760199071015
0.4946891070568467
0.49460187573294995
0.4945143252924965
0.49442645509545824
0.49433826450472385
0.49424975288613016
0.4941609196084932
0.49407176404363873
0.4939822855664343
0.49389248355482007
0.4938023573898398
0.49371190645567237
0.4936211301396636
0.4935300278323571
0.49343859892752584
0.4933468428222044
0.4932547589167197
0.4931623466147234
0.4930696053232235
0.4929765344526158
0.49288313341671663
0.4927894016327938
0.49269533852159964
0.4926009435074024
0.4925062160180189
0.4924111554848468
0.4923157613428966
0.4922200330308243
0.49212396999096397
0.4920275716693604
0.49193083751580124
0.49183376698385073
0.4917363595308815
0.4916386146181083
0.4915405317106205
0.4914421102774156
0.4913433497914315
0.49124424972958136
0.4911448095727854
0.4910450288060054
0.49094490691827786
0.49084444340274747
0.49074363775670105
0.4906424894816016
0.49054099808312196
0.49043916307117896
0.4903369839599674
0.49023446026799455
0.49013159151811425
0.49002837723756154
0.4899248169579873
0.48982091021549234
0.4897166565506631
0.489612055508606
0.4895071066389819
0.4894018094960423
0.4892961636386639
0.4891901686303836
0.48908382403943507
0.4889771294387831
0.48887008440615976
0.4887626885241001
0.48865494137997867
0.48854684256604397
0.4884383916794565
0.48832958832232354
0.48822043210173627
0.48811092262980593
0.4880010595237004
0.48789084240568104
0.4877802709031398
0.4876693446486354
0.48755806327993156
0.48744642644003244
0.4873344337772223
0.4872220849451005
0.48710937960262113
0.4869963174141291
0.486882898049399
0.4867691211836723
0.4866549864976959
0.48654049367776
0.48642564241573605
0.48631043240911587
0.48619486336104956
0.48607893498038424
0.4859626469817031
0.4858459990853633
0.4857289910175362
0.4856116225102453
0.4854938933014059
0.4853758031348644
0.4852573517604375
0.4851385389339515
0.4850193644172827
0.4848998279783957
0.4847799293913845
0.4846596684365114
0.48453904490024763
0.48441805857531295
0.4842967092607164
0.4841749967617951
0.4840529208902564
0.48393048146421713
0.4838076783082442
0.48368451125339573
0.4835609801372604
0.4834370848039996
0.4833128251043871
0.4831882008958507
0.48306321204251235
0.482937858415229
0.48281213989163474
0.48268605635618006
0.48255960770017464
0.48243279382182735
0.48230561462628746
0.482178070025686
0.48205015993917755
0.4819218842929799
0.4817932430204166
0.48166423606195774
0.481534863365261
0.48140512488521336
0.4812750205839714
0.4811445504310037
0.4810137144031309
0.4808825124845676
0.4807509446669629
0.48061901094944204
0.4804867113386472
0.48035404584877817
0.4802210145016337
0.48008761732665217
0.4799538543609528
0.47981972564937536
0.4796852312445217
0.47955037120679633
0.47941514560444587
0.47927955451360044
0.4791435980183133
0.479007276210601
0.47887058919048364
0.47873353706602395
0.47859611995336804
0.4784583379767836
0.4783201912687005
0.4781816799697486
0.4780428042287982
0.4779035642029976
0.47776396005781213
0.4776239919670626
0.47748366011296345
0.47734296468616
0.4772019058857673
0.47706048391940625
0.47691869900324174
0.4767765513620188
0.4766340412290996
0.4764911688464998
0.47634793446492396
0.4762043383438024
0.47606038075132456
0.4759160619644762
0.4757713822690727
0.4756263419597934
0.4754809413402167
0.4753351807228515
0.4751890604291725
0.4750425807896519
0.4748957421437915
0.47474854484015494
0.4746009892363997
0.47445307569930706
0.4743048046048133
0.4741561763380392
0.47400719129332103
0.4738578498742373
0.47370815249363946
0.4735580995736786
0.4734076915458335
0.4732569288509376
0.4731058119392051
0.4729543412702565
0.4728025173131446
0.4726503405463783
0.472497811457947
0.4723449305453439
0.47219169831558816
0.472038115285248
0.4718841819804608
0.47172989893695505
0.4715752667000692
0.4714202858247716
0.47126495687567904
0.47110928042707395
0.4709532570629224
0.4707968873768899
0.4706401719723564
0.4704831114624321
0.47032570646997063
0.4701679576275822
0.47000986557764635
0.4698514309723228
0.46969265447356234
0.4695335367531168
0.469374078492547
0.4692142803832319
0.4690541431263744
0.4688936674330083
0.4687328540240032
0.4685717036300687
0.46841021699175744
0.46824839485946756
0.4680862379934442
0.4679237471637794
0.46776092315041173
0.46759776674312414
0.46743427874154164
0.4672704599551273
0.46710631120317675
0.4669418333148134
0.4667770271289806
0.4666118934944333
0.4664464332697294
0.46628064732321894
0.4661145365330332
0.46594810178707086
0.46578134398298515
0.46561426402816947
0.4654468628397389
0.4652791413445157
0.465111100479009
0.46494274118939527
0.46477406443149816
0.4646050711707653
0.4644357623822457
0.4642661390505648
0.46409620216989816
0.4639259527439451
0.4637553917858994
0.46358452031842023
0.46341333937360074
0.46324184999293583
0.4630700532272888
0.462897950136856
0.4627255417911305
0.4625528292688653
0.46237981365803366
0.4622064960557888
0.46203287756842293
0.46185895931132376
0.46168474240893037
0.4615102279946875
0.4613354172109986
0.4611603112091773
0.4609849111493975
0.4608092182006424
0.4606332335406522
0.4604569583558696
0.4602803938413843
0.46010354120087726
0.4599264016465613
0.4597489763991229
0.45957126668765974
0.4593932737496199
0.4592149988307368
0.4590364431849645
0.45885760807441156
0.4586784947692728
0.45849910454775933
0.4583194386960284
0.4581394985081114
0.4579592852858394
0.4577788003387686
0.45759804498410456
0.45741702054662275
0.4572357283585914
0.4570541697596889
0.45687234609692323
0.4566902587245481
0.45650790900397775
0.4563252983037017
0.4561424279991963
0.45595929947283653
0.4557759141138055
0.455592273318002
0.45540837848794946
0.45522423103270004
0.45503983236773926
0.45485518391488966
0.45467028710221136
0.4544851433639038
0.4542997541402036
0.4541141208772835
0.4539282450271475
0.45374212804752734
0.4535557714017761
0.45336917655875986
0.45318234499275073
0.45299527818331614
0.45280797761520775
0.4526204447782499
0.45243268116722546
0.45224468828176145
0.4520564676262136
0.4518680207095489
0.4516793490452278
0.4514904541510847
0.45130133754920815
0.4511120007658188
0.4509224453311471
0.45073267277930973
0.4505426846481849
0.4503524824792868
0.4501620678176382
0.4499714422116435
0.44978060721295965
0.44958956437636655
0.4493983152596359
0.44920686142340027
0.44901520443102033
0.44882334584845096
0.4486312872441077
0.44843903018873077
0.4482465762552498
0.4480539270186463
0.44786108405581637
0.4476680489454328
0.4474748232678042
0.44728140860473653
0.44708780653939223
0.44689401865614814
0.44670004654045425
0.4465058917786897
0.4463115559580214
0.44611704066625807
0.4459223474917067
0.44572747802302726
0.4455324338490866
0.4453372165588129
0.44514182774104805
0.44494626898440115
0.4447505418771004
0.44455464800684524
0.4443585889606575
0.4441623663247329
0.443965981684291
0.4437694366234264
0.44357273272495823
0.44337587157028013
0.4431788547392098
0.44298168380983743
0.442784360358376
0.44258688595900886
0.4423892621837391
0.4421914906022377
0.4419935727816918
0.4417955102866534
0.44159730467888636
0.44139895751721614
0.4412004703573763
0.44100184475185744
0.4408030822497551
0.44060418439661786
0.4404051527342954
0.4402059888007863
0.44000669413008775
0.4398072702520425
0.4396077186921884
0.43940804097160713
0.4392082386067734
0.43900831310940336
0.4388082659863052
0.4386080987392287
0.4384078128647146
0.438207409853946
0.43800689119259895
0.4378062583606924
0.43760551283244176
0.43740465607610923
0.4372036895538569
0.4370026147215995
0.4368014330288573
0.43660014591861074
0.43639875482715385
0.43619726118394975
0.4359956664114863
0.43579397192513114
0.4355921791329893
0.4353902894357601
0.43518830422659516
0.43498622489095645
0.4347840528064768
0.4345817893428181
0.43437943586153394
0.43417699371592905
0.43397446425092323
0.4337718488029133
0.4335691486996371
0.4333663652600383
0.4331634997941315
0.4329605536028688
0.4327575279780063
0.4325544242019733
0.4323512435477397
0.4321479872786872
0.43194465664847925
0.4317412529009325
0.4315377772698907
0.43133423097909673
0.43113061524206836
0.4309269312619736
0.4307231802315067
0.43051936333276697
0.43031548173713613
0.4301115366051591
0.4299075290864246
0.42970346031944606
0.42949933143154617
0.42929514353873965
0.42909089774561915
0.4288865951452409
0.4286822368190131
0.4284778238365828
0.4282733572557275
0.4280688381222448
0.42786426746984446
0.42765964632004205
0.4274549756820528
0.42725025655268734
0.42704548991624824
0.4268406767444286
0.42663581799620964
0.4264309146177627
0.42622596754234954
0.42602097769022573
0.4258159459685442
0.42561087327126046
0.42540576047903944
0.4252006084591623
0.4249954180654356
0.4247901901381025
0.4245849255037515
0.4243796249752314
0.42417428935156437
0.4239689194178602
0.4237635159452334
0.4235580796907207
0.42335261139719865
0.42314711179330533
0.42294158159336015
0.4227360214972872
0.4225304321905375
0.42232481434401575
0.42211916861400567
0.42191349564209607
0.4217077960551115
0.42150207046504073
0.42129631946896795
0.421090543649005
0.42088474357222494
0.4206789197905961
0.4204730728409186
0.42026720324476075
0.42006131150839715
0.4198553981227483
0.4196494635633209
0.41944350829014965
0.4192375327477393
0.41903153736501
0.41882552255524097
0.4186194887160172
0.4184134362291767
0.4182073654607592
0.4180012767609555
0.4177951704640573
0.41758904688841025
0.41738290633636566
0.41717674909423486
0.41697057543224336
0.41676438560448775
0.416558179848892
0.416351958387165
0.41614572142476064
0.4159394691508368
0.4157332017382167
0.4155269193433507
0.4153206221062786
0.41511431015059486
0.41490798358341174
0.4147016424953259
0.4144952869603844
0.414288917036053
0.4140825327631831
0.4138761341659826
0.4136697212519842
0.4134632940120179
0.4132568524201813
0.4130503964338129
0.41284392599346564
0.4126374410228799
0.4124309414289596
0.4122244271017468
0.4120178979143983
0.4118113537231635
0.41160479436736064
0.4113982196693563
0.41119162943454457
0.41098502345132604
0.4107784014910886
0.4105717633081889
0.4103651086399333
0.41015843720656064
0.409951748711224
0.4097450428399759
0.40953831926175055
0.40933157762834915
0.4091248175744238
0.4089180387174651
0.4087112406577855
0.40850442297850714
0.4082975852455484
0.40809072700761156
0.4078838477961692
0.40767694712545377
0.40747002449244485
0.4072630793768589
0.40705611124113744
0.4068491195304374
0.4066421036726199
0.40643506307824157
0.4062279971405436
0.40602090523544343
0.4058137867215249
0.4056066409400294
0.4053994672148476
0.40519226485251014
0.4049850331421804
0.40477777135564474
0.40457047874730634
0.4043631545541753
0.40415579799586243
0.40394840827457085
0.403740984575088
0.40353352606477855
0.4033260318935769
0.4031185011939796
0.40291093308103676
0.4027033266523467
0.40249568098804617
0.40228799515080454
0.402080268185815
0.40187249912078704
0.40166468696593927
0.4014568307139911
0.40124892934015427
0.40104098180212583
0.4008329870400785
0.4006249439766534
0.4004168515169509
0.4002087085485214
0.40000051394135716
0.39979226654788214
0.39958396520294326
0.3993756087238001
0.3991671959101152
0.3989587255439432
0.39875019638972126
0.39854160719425724
0.39833295668671864
0.3981242435786213
0.3979154665638171
0.39770662431848214
0.39749771550110347
0.3972887387524664
0.3970796926956409
0.39687057593596786
0.3966613870610444
0.39645212464070945
0.3962427872270282
0.3960333733542768
0.3958238815389259
0.3956143102796235
0.39540465805717906
0.3951949233345445
0.3949851045567963
0.39477520015111744
0.39456520852677707
0.3943551280751111
0.3941449571695018
0.3939346941653569
0.3937243374000873
0.3935138851930853
0.393303335845702
0.39309268764122307
0.39288193884484535
0.3926710877036518
0.39246013244658623
0.39224907128442665
0.3920379024097599
0.39182662399695234
0.3916152342021233
0.39140373116311583
0.3911921129994671
0.39098037781237815
0.3907685236846834
0.39055654868081835
0.3903444508467877
0.39013222821013277
0.3899198787798962
0.38970740054658903
0.38949479148215416
0.3892820495399312
0.3890691726546184
0.388856158742237
0.3886430057000905
0.38842971140672766
0.38821627372190104
0.3880026904865275
0.3877889595226457
0.3875750786333743
0.38736104560286905
0.38714685819627886
0.386932514159701
0.3867180112201356
0.3865033470854401
0.38628851944428105
0.38607352596608807
0.38585836430100323
0.3856430320798332
0.3854275269139983
0.3852118463954817
0.38499598809677826
0.38477994957084066
0.3845637283510275
0.3843473219510481
0.38413072786490876
0.38391394356685554
0.3836969665113196
0.3834797941328585
0.3832624238460993
0.38304485304567953
0.3828270791061874
0.3826090993821022
0.38239091120773283
0.3821725118971571
0.3819538987441581
0.38173506902216187
0.38151601998417434
0.38129674886271525
0.3810772528697546
0.38085752919664567
0.38063757501406004
0.38041738747191856
0.38019696369932576
0.3799763008044998
0.3797553958747051
0.37953424597618135
0.3793128481540746
0.37909119943236624
0.3788692968138016
0.37864713727981913
0.37842471779047715
0.378202035284382
0.3779790866786149
0.3777558688686578
0.37753237872832
0.377308613109664
0.3770845688429302
0.37686024273646146
0.3766356315766296
0.37641073212775733
0.3761855411320437
0.37596005530948773
0.37573427135781146
0.3755081859523838
0.37528179574614356
0.3750550973695228
0.37482808743036905
0.3746007625138692
0.3743731191824715
0.3741451539758093
0.373916863410623
0.3736882439806839
0.3734592921567169
0.3732300043863236
0.37300037709390615
0.3727704066805902
0.3725400895241501
0.37230942197893135
0.3720784003757769
0.37184702102195105
0.3716152802010655
0.37138317417300426
0.3711506991738518
0.3709178514158187
0.37068462708716987
0.37045102235215266
0.3702170333509267
0.3699826561994928
0.3697478869896247
0.36951272178880024
0.3692771566401337
0.36904118756231075
0.36880481054952174
0.3685680215713988
0.3683308165729523
0.36809319147450936
0.36785514217165416
0.3676166645351689
0.3673777544109756
0.367138407620082
0.3668986199585259
0.36665838719732385
0.36641770508241966
0.36617656933463605
0.36593497564962757
0.365692919697836
0.36545039712444727
0.36520740354935055
0.3649639345671012
0.36471998574688275
0.3644755526324751
0.36423063074222256
0.3639852155690054
0.36373930258021403
0.36349288721772643
0.3632459648978881
0.36299853101149376
0.36275058092377477
0.3625021099743872
0.3622531134774052
0.3620035867213157
0.36175352496901836
0.3615029234578287
0.36125177739948316
0.36100008198015177
0.36074783236045005
0.3604950236754594
0.3602416510347477
0.35998770952239756
0.35973319419703614
0.35947810009187164
0.35922242221473344
0.35896615554811573
0.35870929504922877
0.35845183565005334
0.35819377225739985
0.35793509975297394
0.3576758129934469
0.35741590681053176
0.35715537601106406
0.35689421537709054
0.3566324196659603
0.35636998361042627
0.3561069019187486
0.3558431692748073
0.35557878033822066
0.3553137297444688
0.35504801210502585
0.3547816220074977
0.354514554015768
0.3542468026701493
0.35397836248754355
0.3537092279616092
0.3534393935629351
0.35316885373922347
0.35289760291548034
0.3526256354942131
0.352352945855637
0.3520795283578909
0.35180537733725903
0.35153048710840357
0.3512548519646055
0.3509784661780131
0.3507013239999017
0.3504234196609404
0.35014474737147006
0.349865301321789
0.34958507568245045
0.34930406460456775
0.3490222622201308
0.34873966264233225
0.348456259965904
0.34817204826746406
0.3478870216058739
0.34760117402260615
0.3473144995421253
0.3470269921722743
0.3467386459046796
0.34644945471516075
0.34615941256415483
0.34586851339715186
0.3455767511451421
0.3452841197250739
0.34499061304032547
0.34469622498118657
0.34440094942535443
0.34410478023844027
0.3438077112744893
0.3435097363765133
0.3432108493770345
0.3429110440986449
0.34261031435457534
0.34230865394927956
0.3420060566790315
0.3417025163325341
0.3413980266915435
0.3410925815315048
0.3407861746222022
0.34047879972842243
0.34017045061063245
0.3398611210256697
0.3395508047274464
0.33923949546766896
0.3389271869965691
0.3386138730636507
0.33829954741844953
0.33798420381130784
0.3376678359941617
0.3373504377213441
0.3370320027504007
0.33671252484292047
0.3363919977653801
0.33607041529000226
0.3357477711956286
0.335424059268607
0.33509927330369105
0.3347734071049564
0.33444645448672816
0.3341184092745253
0.3337892653060154
0.33345901643198717
0.3331276565173332
0.3327951794420488
0.3324615791022429
0.33212684941116416
0.33179098430023846
0.331453977720121
0.33111582364176184
0.33077651605748287
0.3304360489820701
0.3300944164538757
0.3297516125359367
0.32940763131710066
0.3290624669131692
0.3287161134680504
0.3283685651549227
0.3280198161774134
0.3276698607707851
0.327318693203136
0.32696630777661007
0.32661269882861815
0.3262578607330689
0.32590178790161206
0.3255444747848889
0.32518591587379475
0.324826105700749
0.3244650388409759
0.3241027099137924
0.32373911358390717
0.3233742445627236
0.32300809760965427
0.3226406675334419
0.322271949193486
0.32190193750117757
0.3215306274212403
0.3211580139730764
0.32078409223211957
0.3204088573311912
0.32003230446186404
0.3196544288758274
0.31927522588625745
0.31889469086919175
0.31851281926490504
0.31812960657928946
0.3177450483852351
0.31735914032401363
0.31697187810666294
0.31658325751537053
0.3161932744048607
0.315801924703778
0.31540920441607145
0.31501510962237844
0.3146196364814051
0.31422278123130487
0.31382454019105527
0.3134249097618303
0.31302388642836954
0.31262146676034275
0.3122176474137097
0.3118124251320751
0.3114057967480359
0.31099775918452505
0.31058830945614535
0.31017744467049796
0.30976516202950166
0.3093514588307042
0.30893633246858443
0.3085197804358448
0.30810180032469325
0.30768238982811613
0.30726154674113737
0.3068392689620688
0.3064155544937459
0.3059904014447517
0.3055638080306289
0.3051357725750756
0.30470629351112877
0.3042753693823328
0.30384299884389165
0.3034091806638073
0.30297391372400007
0.3025371970214136
0.3020990296691025
0.30165941089730197
0.30121834005448034
0.30077581660837216
0.30033184014699366
0.2998864103796376
0.2994395271378498
0.2989911903763841
0.298541400174139
0.29809015673507044
0.29763746038908695
0.29718331159292
0.2967277109309735
0.2962706591161536
0.2958121569906706
0.2953522055268228
0.29489080582775473
0.2944279591281918
0.2939636667951536
0.29349793032863863
0.29303075136228895
0.29256213166402834
0.29209207313667507
0.2916205778185318
0.29114764788394737
0.2906732856438549
0.29019749354628477
0.28972027417684965
0.28924163025920485
0.2887615646554835
0.28828008036670305
0.28779718053314707
0.28731286843471926
0.28682714749127347
0.28634002126291214
0.28585149345026334
0.28536156789472666
0.2848702485786947
0.2843775396257455
0.28388344530080967
0.2833879700103099
0.2828911183022723
0.2823928948664116
0.28189330453418926
0.2813923522788436
0.2808900432153942
0.2803863826006169
0.27988137583299444
0.27937502845263773
0.2788673461411819
0.27835833472165394
0.27784800015831435
0.2773363485564718
0.2768233861622716
0.27630911936245617
0.2757935546841
0.27527669879431815
0.2747585584999478
0.2742391407472048
0.2737184526213122
0.2731965013461042
0.27267329428360393
0.2721488389335758
0.2716231429330509
0.27109621405582845
0.27056806021195146
0.27003868944715614
0.2695081099422982
0.2689763300127526
0.26844335810778897
0.26790920280992303
0.2673738728342432
0.2668373770277125
0.2662997243684464
0.26576092396496787
0.2652209850554374
0.2646799170068599
0.26413772931426727
0.2635944315998798
0.2630500336122419
0.26250454522533706
0.2619579764376781
0.26141033737137676
0.2608616382711893
0.2603118895035406
0.2597611015555262
0.2592092850338925
0.25865645066399445
0.25810260928873263
0.2575477718674693
0.2569919494749214
0.2564351533000351
0.2558773946448371
0.2553186849232675
0.2547590356599899
0.25419845848918415
0.25363696515331596
0.25307456750188906
0.25251127749017593
0.25194710717793006
0.251382068728079
0.2508161744053974
0.2502494365751617
0.24968186770178652
0.24911348034744124
0.2485442871706498
0.24797430092487135
0.24740353445706323
0.24683200070622663
0.24625971270193414
0.24568668356284057
0.24511292649517644
0.2445384547912248
0.2439632818277815
0.24338742106459862
0.24281088604281237
0.24223369038335535
0.24165584778535149
0.2410773720244985
0.24049827695143158
0.23991857649007597
0.2393382846359819
0.23875741545464646
0.23817598307982163
0.23759400171180828
0.23701148561573593
0.23642844911983052
0.23584490661366803
0.23526087254641642
0.2346763614250652
0.2340913878126414
0.23350596632641712
0.2329201116361016
0.232333838462026
0.2317471615733146
0.2311600957860483
0.23057265596141527
0.22998485700385476
0.2293967138591887
0.22880824151274803
0.22821945498748658
0.2276303693420897
0.22704099966907404
0.22645136109287956
0.22586146876795557
0.22527133787683945
0.22468098362823008
0.2240904212550539
0.22349966601252752
0.2229087331762151
0.22231763804007948
0.22172639591453294
0.2211350221244799
0.22054353200736146
0.2199519409111923
0.2193602641925997
0.21876851721485913
0.21817671534592767
0.21758487395647777
0.21699300841793243
0.2164011341004961
0.2158092663711917
0.21521742059189475
0.21462561211737163
0.21403385629331834
0.21344216845440347
0.21285056392231377
0.21225905800380324
0.21166766598874687
0.21107640314819875
0.21048528473245626
0.20989432596912871
0.20930354206121335
0.20871294818517822
0.2081225594890511
0.20753239109051802
0.20694245807502895
0.2063527754939124
0.20576335836249948
0.20517422165825935
0.20458538031894163
0.2039968492407332
0.20340864327642408
0.20282077723358682
0.20223326587276697
0.20164612390568692
0.20105936599346308
0.20047300674483703
0.19988706071442108
0.1993015424009577
0.19871646624559564
0.19813184663018044
0.19754769787556203
0.19696403423991865
0.19638086991709747
0.19579821903497358
0.19521609565382558
0.1946345137647311
0.19405348728798
0.19347303007150693
0.1928931558893438
0.19231387844009207
0.19173521134541516
0.19115716814855185
0.1905797623128508
0.19000300722032637
0.18942691617023602
0.1888515023776805
0.18827677897222578
0.18770275899654867
0.18712945540510367
0.1865568810628157
0.18598504874379468
0.1854139711300748
0.18484366081037712
0.18427413027889836
0.18370539193412236
0.18313745807765824
0.18257034091310176
0.1820040525449243
0.18143860497738556
0.18087401011347287
0.18031027975386632
0.179747425595929
0.179185459232726
0.178624392152066
0.178064235735573
0.1775050012577825
0.1769466998852647
0.1763893426757746
0.17583294057743026
0.17527750442791545
0.17472304495371108
0.17416957276935421
0.17361709837672146
0.17306563216434304
0.17251518440674113
0.17196576526379653
0.1714173847801425
0.170870052884585
0.1703237793895511
0.16977857399056262
0.16923444626573922
0.1686914056753254
0.16814946156124722
0.1676086231466934
0.16706889953572446
0.16653029971290767
0.1659928325429792
0.16545650677053098
0.16492133101972578
0.16438731379403665
0.16385446347601276
0.1633227883270708
0.16279229648731258
0.16226299597536656
0.16173489468825586
0.16120800040129024
0.160682320767984
0.16015786331999654
0.15963463546709872
0.15911264449716347
0.15859189757617864
0.1580724017482848
0.15755416393583643
0.15703719093948493
0.15652148943828564
0.15600706598982733
0.15549392703038323
0.1549820788750847
0.15447152771811673
0.15396227963293363
0.15345434057249774
0.15294771636953752
0.15244241273682688
0.15193843526748438
0.15143578943529207
0.15093448059503503
0.15043451398285912
0.14993589471664767
0.14943862779641753
0.14894271810473297
0.14844817040713731
0.1479549893526025
0.14746317947399626
0.14697274518856546
0.14648369079843615
0.14599602049113122
0.1455097383401019
0.14502484830527618
0.14454135423362235
0.14405925985972715
0.14357856880638803
0.14309928458522128
0.14262141059728115
0.1421449501336954
0.1416699063763124
0.14119628239836102
0.14072408116512344
0.14025330553462026
0.1397839582583063
0.13931604198177874
0.13884955924549672
0.1383845124855102
0.1379209040342002
0.13745873612102927
0.13699801087330102
0.13653873031692887
0.13608089637721554
0.13562451087963806
0.13516957555064452
0.13471609201845663
0.13426406181388112
0.13381348637112755
0.13336436702863433
0.13291670502990055
0.13247050152432477
0.13202575756804957
0.1315824741248123
0.13114065206680073
0.1307002921755153
0.1302613951426339
0.12982396157088347
0.12938799197491518
0.12895348678218327
0.1285204463338278
0.128088870885561
0.12765876060855708
0.12723011559034425
0.1268029358356999
0.1263772212675481
0.12595297172785874
0.12553018697854956
0.12510886670238833
0.12468901050389786
0.12427061791026073
0.12385368837222599
0.123438221265016
0.12302421588923362
0.12261167147176949
0.1222005871667095
0.12179096205624163
0.12138279515156307
0.12097608539378517
0.12057083165483898
0.12016703273837873
0.11976468738068413
0.11936379425156121
0.11896435195524231
0.11856635903128172
0.118169813955452
0.11777471514063681
0.11738106093772048
0.11698884963647666
0.11659807946645297
0.11620874859785305
0.11582085514241494
0.11543439715428847
0.11504937263090484
0.1146657795138479
0.11428361568971751
0.1139028789909915
0.11352356719688232
0.11314567803419036
0.11276920917815286
0.11239415825328816
0.11202052283423636
0.11164830044659321
0.11127748856774271
0.11090808462768195
0.11054008600984219
0.11017349005190492
0.10980829404661298
0.10944449524257624
0.10908209084507137
0.10872107801683778
0.10836145387886645
0.10800321551118444
0.10764635995363302
0.10729088420664035
0.10693678523198877
0.10658405995357566
0.10623270525816897
0.10588271799615617
0.10553409498228794
0.10518683299641499
0.10484092878422005
0.10449637905794162
0.10415318049709406
0.10381132974917912
0.10347082343039313
0.10313165812632596
0.10279383039265547
0.10245733675583439
0.10212217371377097
0.10178833773650353
0.10145582526686855
0.10112463272116162
0.10079475648979243
0.1004661929379338
0.10013893840616261
0.09981298921109533
0.09948834164601733
0.09916499198150407
0.0988429364660375
0.0985221713266145
0.09820269276934987
0.09788449698007114
0.09756758012490864
0.09725193835087825
0.0969375677864566
0.09662446454215154
0.09631262471106428
0.09600204436944622
0.09569271957724869
0.0953846463786662
0.09507782080267348
0.09477223886355528
0.09446789656143073
0.09416478988277036
0.09386291480090701
0.09356226727654077
0.09326284325823642
0.09296463868291556
0.09266764947634212
0.09237187155360095
0.09207730081957112
0.09178393316939198
0.09149176448892377
0.09120079065520126
0.09091100753688217
0.09062241099468851
0.0903349968818423
0.09004876104449536
0.08976369932215254
0.08947980754808947
0.08919708154976402
0.08891551714922176
0.08863511016349604
0.08835585640500164
0.088077751681923
0.08780079179859611
0.08752497255588595
0.08725028975155633
0.0869767391806358
0.08670431663577714
0.08643301790761115
0.08616283878509567
0.08589377505585805
0.08562582250653328
0.08535897692309583
0.08509323409118687
0.0848285897964359
0.08456503982477623
0.08430257996275728
0.08404120599784996
0.08378091371874741
0.08352169891566086
0.08326355738061048
0.08300648490771097
0.08275047729345264
0.08249553033697687
0.08224163984034796
0.08198880160881862
0.08173701145109188
0.08148626517957817
0.08123655861064745
0.08098788756487629
0.08074024786729164
0.08049363534760909
0.08024804584046671
0.08000347518565532
0.07975991922834316
0.07951737381929716
0.07927583481509969
0.07903529807836109
0.0787957594779277
0.07855721488908647
0.07831966019376448
0.07808309128072559
0.0778475040457623
0.07761289439188349
0.07737925822949933
0.07714659147660116
0.07691489005893805
0.07668414991018968
0.07645436697213591
0.0762255371948213
0.07599765653671749
0.07577072096488141
0.07554472645510965
0.07531966899208978
0.07509554456954834
0.07487234919039468
0.07465007886686238
0.07442872962064655
0.07420829748303845
0.0739887784950568
0.07377016870757491
0.07355246418144684
0.07333566098762766
0.07311975520729336
0.07290474293195548
0.0726906202635746
0.07247738331466949
0.07226502820842401
0.07205355107879131
0.07184294807059485
0.07163321533962658
0.07142434905274277
0.07121634538795697
0.0710092005345302
0.07080291069305851
0.07059747207555814
0.07039288090554796
0.07018913341812971
0.0699862258600652
0.0697841544898516
0.06958291557779392
0.06938250540607584
0.06918292026882698
0.06898415647218953
0.06878621033438069
0.06858907818575485
0.0683927563688617
0.0681972412385041
0.06800252916179203
0.067808616518196
0.06761549969959679
0.06742317511033494
0.06723163916725697
0.0670408882997599
0.06685091894983439
0.0666617275721051
0.06647331063387016
0.066285664615138
0.06609878600866279
0.06591267131997805
0.06572731706742824
0.06554271978219946
0.06535887600834708
0.06517578230282337
0.06499343523550204
0.06481183138920175
0.0646309673597088
0.06445083975579673
0.06427144519924574
0.06409278032486002
0.0639148417804836
0.06373762622701501
0.06356113033842029
0.06338535080174465
0.06321028431712342
0.0630359275977901
0.06286227737008468
0.06268933037346021
0.06251708336048764
0.062345533096859695
0.06217467636139383
0.062004509946033584
0.06183503065584903
0.0616662353090357
0.06149812073691306
0.06133068378392123
0.06116392130761661
0.060997830178667306
0.0608324072808462
0.06066764951102424
0.06050355377916196
0.06034011700829996
0.06017733613454942
0.06001520810708033
0.05985372988810961
0.059692898452888166
0.059532710789687096
0.05937316389978301
0.05921425479744211
0.05905598050990428
0.058898338077365685
0.05874132455296055
0.05858493700274272
0.058429172505666066
0.05827402815356381
0.05811950105112822
0.05796558831588818
0.05781228707818734
0.057659594481160564
0.05750750768071056
0.05735602384548318
0.05720514015684264
0.05705485380884562
0.05690516200821511
0.05675606197431361
0.05660755093911579
0.05645962614718025
0.056312284855621036
0.05616552433407879
0.05601934186469108
0.055873734742062246
0.055728700273232595
0.055584235777647914
0.055440338587127415
0.055297006045831945
0.05515423551023158
0.05501202434907249
0.0548703699433441
0.054729269686245224
0.05458872098314953
0.05444872125157161
0.05430926792113196
0.05417035843352177
0.05403199024246708
0.05389416081369336
0.053756867624888724
0.05362010816566781
0.05348387993753448
0.053348180453844915
0.05321300723977022
0.05307835783225808
0.052944229779995494
0.05281062064336979
0.05267752799443046
0.05254494941685009
0.05241288250588573
0.05228132486833909
0.05215027412251706
0.052019727898192605
0.05188968383656416
0.05176013959021577
0.05163109282307675
0.051502541210381184
0.051374482438627425
0.05124691420553687
0.05111983422001327
0.05099324020210146
0.050867129882946144
0.05074150100475028
0.050616351320733784
0.05049167859509163
0.050367480602951806
0.050243755130334126
0.05012049997410733
0.04999771294194756
