0.5527728708025322
0.5347418697798364
0.5179899918459112
0.5120588895214595
0.5134111901973106
0.5149882373319712
0.514347441316536
0.5129050539151192
0.5122388472199055
0.5124357888364688
0.5127656478375697
0.5127587001148167
0.5124776135291824
0.5121851079317936
0.5120260284418436
0.5119831018879608
0.5119874542062184
0.5120010459963975
0.5120192284123593
0.5120420828908402
0.5120614950898342
0.5120679437309703
0.5120593397577659
0.5120413484114711
0.5120218467014338
0.5120061668432976
0.511995975168354
0.511990514056144
0.511988090735116
0.5119869242930141
0.5119855240787282
0.5119829163551346
0.5119787641073428
0.5119732992746346
0.5119670811753462
0.5119607083928216
0.511954613124574
0.5119489869883685
0.5119438118520369
0.5119389414585844
0.5119341886565854
0.5119293925008244
0.5119244550606362
0.5119193482367923
0.5119140981824554
0.5119087589294795
0.5119033866148502
0.5118980219154112
0.5118926831730166
0.5118873685132657
0.5118820631488021
0.5118767479019716
0.5118714060471559
0.5118660270754493
0.5118606073495262
0.5118551485234644
0.5118496549538695
0.5118441312060824
0.511838580353635
0.5118330032955148
0.511827398939063
0.5118217648953334
0.5118160983064208
0.5118103965176272
0.5118046574518755
0.5117988796797373
0.5117930622693939
0.5117872045359068
0.5117813057973586
0.5117753652063126
0.5117693816794247
0.511763353911542
0.5117572804407001
0.5117511597272041
0.5117449902185826
0.5117387703860476
0.5117324987313356
0.5117261737717916
0.5117197940151635
0.511713357934588
0.5117068639505609
0.5117003104222904
0.5116936956472663
0.511687017865869
0.511680275267465
0.5116734659952078
0.5116665881480817
0.5116596397800102
0.5116526188967422
0.511645523451603
0.5116383513411307
0.5116311004012691
0.5116237684043745
0.511616353056937
0.5116088519977182
0.5116012627959592
0.5115935829493806
0.5115858098818171
0.5115779409404586
0.5115699733927541
0.5115619044230747
0.5115537311292289
0.511545450518892
0.5115370595059706
0.5115285549068855
0.5115199334367435
0.5115111917053513
0.5115023262130399
0.5114933333462732
0.5114842093730272
0.5114749504379335
0.5114655525571904
0.5114560116132338
0.5114463233491662
0.5114364833629333
0.5114264871012337
0.5114163298531456
0.5114060067434515
0.511395512725644
0.5113848425745902
0.511373990878843
0.5113629520325744
0.5113517202271141
0.5113402894420742
0.5113286534360402
0.5113168057367967
0.5113047396310759
0.5112924481537892
0.5112799240767247
0.5112671598966729
0.5112541478229553
0.5112408797643184
0.5112273473151614
0.5112135417410603
0.5111994539635482
0.5111850745441122
0.5111703936673643
0.5111554011233371
0.5111400862888601
0.5111244381079613
0.5111084450712418
0.511092095194166
0.5110753759942068
0.5110582744667792
0.5110407770598988
0.5110228696474897
0.5110045375012688
0.5109857652611249
0.5109665369039094
0.5109468357105482
0.510926644231383
0.5109059442496404
0.5108847167429256
0.5108629418426305
0.5108405987911391
0.5108176658967093
0.5107941204859012
0.5107699388534164
0.5107450962092067
0.5107195666227022
0.5106933229640009
0.510666336841856
0.5106385785382884
0.5106100169396413
0.5105806194638909
0.5105503519840126
0.5105191787471983
0.5104870622897084
0.5104539633471359
0.5104198407598484
0.5103846513733691
0.5103483499334452
0.5103108889755459
0.5102722187085256
0.510232286892177
0.510191038708395
0.5101484166256649
0.510104360256582
0.5100588062081082
0.5100116879242653
0.5099629355209644
0.5099124756126712
0.5098602311306089
0.5098061211322038
0.5097500606014871
0.5096919602401725
0.5096317262491508
0.5095692601001428
0.5095044582972932
0.5094372121284907
0.5093674074062479
0.5092949241979934
0.5092196365456768
0.50914141217463
0.509060112191678
0.5089755907725484
0.5088876948386998
0.5087962637237481
0.5087011288297569
0.5086021132737367
0.5084990315247875
0.508391689032417
0.5082798818466681
0.5081633962307912
0.5080420082673159
0.5079154834584743
0.5077835763220597
0.5076460299838992
0.5075025757682411
0.5073529327874573
0.5071968075325538
0.5070338934660819
0.5068638706190929
0.5066864051938627
0.5065011491741191
0.5063077399445435
0.5061057999212841
0.505894936195195
0.5056747401894237
0.5054447873328884
0.5052046367510361
0.5049538309751158
0.5046918956710156
0.5044183393884936
0.5041326533314192
0.503834311149405
0.5035227687509997
0.5031974641384175
0.5028578172636322
0.5025032299055858
0.5021330855682739
0.5017467493996026
0.5013435681311966
0.500922870039805
0.5004839649316428
0.5000261441519384
0.49954868062318547
0.4990508289171378
0.4985318253674681
0.4979908882322609
0.49742721791814415
0.49683999728087086
0.4962283920205606
0.49559155119356
0.4949286078669479
0.4942386799460472
0.49352087120982757
0.49277427259367723
0.4919979637635874
0.4911910150301332
0.49035248965459133
0.4894814466028608
0.4885769438052995
0.4876380419818554
0.4866638090916374
0.4856533254639728
0.4846056896636589
0.48352002513616354
0.48239548766854545
0.48123127368853713
0.48002662940720775
0.47878086078972326
0.47749334431380663
0.4761635384466786
0.4747909957387706
0.4733753753969131
0.4719164561618151
0.4704141492756382
0.4688685112868084
0.46727975640271296
0.4656482680686933
0.4639746094260588
0.46225953228507877
0.4605039842433914
0.4587091135880207
0.4568762716418544
0.4550070122539207
0.453103088187247
0.451166444227599
0.4491992069191054
0.44720367092572333
0.44518228211687316
0.44313761757682885
0.44107236283566453
0.43898928670972515
0.436891214217061
0.4347809980940194
0.432661489480227
0.43053550835868215
0.4284058143350896
0.4262750783166945
0.42414585560766205
0.4220205608784616
0.4199014453944183
0.4177905768076953
0.41568982173167524
0.41360083123111335
0.4115250292792004
0.4094636041569519
0.4074175027035622
0.40538742727024696
0.4033738351856253
0.40137694050815187
0.3993967178201687
0.39743290780797963
0.3954850243717415
0.3935523630163942
0.3916340102886849
0.3897288540438413
0.3878355943469356
0.3859527548368601
0.3840786944036739
0.38221161905163586
0.38034959383950234
0.3784905548058728
0.3766323208000123
0.37477260514744115
0.37290902708471796
0.3710391228996098
0.369160356711855
0.3672701308269253
0.3653657955917061
0.3634446586782333
0.36150399372102865
0.35954104823670574
0.35755305076284316
0.3555372171678626
0.3534907561057098
0.35141087361886547
0.34929477693038713
0.3471396775093566
0.3449427935426437
0.3427013519970191
0.34041259050656697
0.33807375936794487
0.33568212396713726
0.33323496799291297
0.3307295978116021
0.3281633483829731
0.3255335910865288
0.32283774380073227
0.3200732835344808
0.31723776185106634
0.3143288232508935
0.31134422659172023
0.30828186952587544
0.305139815824859
0.30191632534548096
0.29860988627130597
0.29521924914234365
0.2917434620690882
0.28818190641925
0.2845343321724779
0.2808008920659545
0.2769821736077132
0.27307922801992
0.2690935951949462
0.2650273238046298
0.2608829857970322
0.25666368464181905
0.25237305683890515
0.2480152663765401
0.24359499200430157
0.23911740736267917
0.23458815417410056
0.23001330884259025
0.22539934292623634
0.2207530780376829
0.2160816357961775
0.2113923835065164
0.20669287628338984
0.20199079638169162
0.19729389053981605
0.19260990619574964
0.18794652749247714
0.18331131204334028
0.1787116294699329
0.17415460274398953
0.16964705335048397
0.1651954512344958
0.16080587039631378
0.15648395085959718
0.1522348675628098
0.1480633065249209
0.14397344842513093
0.13996895952635288
0.13605298967559795
0.13222817694140152
0.12849665830621632
0.12486008572438392
0.1213196467850533
0.1178760891828732
0.11452974819419687
0.11128057637839292
0.1081281747674805
0.10507182486734973
0.10211052086518356
0.09924300151567683
0.09646778125926095
0.09378318020543122
0.09118735269085292
0.0886783141932461
0.08625396644680604
0.08391212066232576
0.0816505188049015
0.07946685292415734
0.07735878256659187
0.07532395032742886
0.07335999562084736
0.0714645667633722
0.06963533147623002
0.06786998591933321
0.06616626237292565
0.0645219356834376
0.06293482858833119
0.061402816031174826
0.05992382857332419
0.058495855002765815
0.057116944234243974
0.05578520658798811
0.05449881452740658
0.05325600292918766
0.052055068952473776
0.05089437156725517
0.04977233079593219
