2.13279387921504
2.1318928844146563
2.131214124755543
2.130692587242301
2.130284420713801
2.129959940873772
2.1296989364391328
2.129487528802436
2.1293160753394904
2.1291777714813445
2.129067719538081
2.128982308765172
2.128918802705154
2.1288750644227203
2.1288493733950484
2.1288403032768257
2.1288466400691393
2.1288673270902425
2.128901427718411
2.128948099918064
2.129006578581245
2.1290761630583503
2.1291562081421382
2.1292461173588264
2.129345337810446
2.1294533560705426
2.1295696948055274
2.1296939099060226
2.1298255879861685
2.129964344157137
2.1301098200126125
2.13026168178457
2.1304196186410413
2.1305833411061785
2.130752579588574
2.1309270830073426
2.131106617507861
2.1312909652605296
2.131479923336983
2.1316733026587777
2.1318709270141207
2.1320726321385037
2.1322782648554077
2.1324876822734407
2.1327007510364746
2.1329173466235383
2.1331373526953605
2.133360660484635
2.133587168227232
2.133816780631712
2.134049408384648
2.134284967689401
2.1345233798361214
2.134764570800857
2.1350084708718002
2.135255014300796
2.1355041389783356
2.13575578613039
2.1360099000355053
2.1362664277606864
2.136525318914685
2.136786525417372
2.137050001283968
2.137315702422968
2.1375835864466537
2.137853612493167
2.1381257410591594
2.1383999338420834
2.138676153591267
2.1389543639669095
2.1392345294062287
2.139516614995991
2.139800586350705
2.140086409495792
2.1403740507550495
2.1406634766417945
2.140954653753038
2.1412475486660973
2.141542127837063
2.14183835750052
2.142136203569976
2.142435631538395
2.1427366063783135
2.1430390924409224
2.143343053353583
2.1436484519151584
2.143955249988596
2.1442634083901293
2.1445728867744807
2.1448836435154135
2.1451956355809534
2.1455088184025564
2.1458231457375154
2.146138569523774
2.146455039726357
2.1467725041745154
2.147090908388666
2.1474101953961178
2.147730305534532
2.1480511762419683
2.1483727418323033
2.1486949332547
2.149017677835736
2.1493408990026426
2.1496645159860424
2.1499884435004004
2.150312591400277
2.150636864310317
2.150961161226728
2.151285375087822
2.151609392310979
2.1519330922931834
2.1522563468720017
2.152579019743652
2.152900965834463
2.1532220306217384
2.1535420493996598
2.1538608464854874
2.154178234360867
2.1544940127426115
2.1548079675767706
2.15511986994927
2.155429474905746
2.1557365201725314
2.1560407247699995
2.1563417875086106
2.156639385357138
2.156933171671493
2.1572227742715064
2.1575077933517655
2.1577877992112846
2.1580623297852917
2.1583308879607763
2.158592938655664
2.15884790563945
2.159095168070973
2.1593340567265686
2.1595638498891554
2.1597837688658825
2.1599929730986913
2.1601905548285503
2.1603755332701375
2.1605468482494006
2.160703353251522
2.1608438078215286
2.1609668692538637
2.1610710835007376
2.1611548752219267
2.161216536890757
2.161254216862371
2.1612659063007555
2.1612494248505443
2.1612024049280754
2.1611222744935406
2.1610062381522543
2.1608512564180034
2.160654022954996
2.1604109395971225
2.16011808892392
2.1597712041518475
2.1593656360771183
2.1588963167825073
2.1583577197952275
2.1577438163563123
2.1570480274341204
2.1562631710858238
2.1553814047414708
2.1543941619558984
2.153292083145077
2.152064939796195
2.1507015516160757
2.1491896960615398
2.1475160096797783
2.145665880678439
2.143623332146312
2.1413708953586204
2.1388894726291316
2.1361581892177046
2.133154233870367
2.129852687663577
2.126226340949506
2.1222454983601335
2.117877772030341
2.113087863451139
2.1078373346724364
2.1020843699524554
2.095783529415506
2.0888854968570993
2.081336824564762
2.07307967896363
2.0640515921365163
2.0541852259377356
2.043408157701223
2.0316426996858503
2.0188057687291447
2.0048088284930365
1.9895579346280083
1.9729539235844595
1.9548927989467764
1.9352663849803657
1.9139633348016623
1.890870598320948
1.8658754693644872
1.838868336613793
1.8097462515416534
1.778417389242239
1.7448064061842716
1.7088605873949794
1.6705565275592589
1.6299069217773043
1.5869668825183916
1.5418390906852166
1.4946770717858007
1.4456859886198665
1.3951205559985131
1.3432799745347597
1.2905000918361544
1.2371432732069012
1.1835866633526329
1.1302096360727476
1.0773812696726581
1.0254486635810747
0.9747268300142342
0.9254907507747889
0.87796998568398
0.8323459735241242
0.788751912948106
0.747274890499587
0.7079597692131083
0.6708142801323533
0.6358147666357099
0.6029120991161447
0.572037380322272
0.5431071756441301
0.5160281097011731
0.4907007599082567
0.4670228449222559
0.44489175136651443
0.4242064690727995
0.40486901746060894
0.3867854478104076
0.3698665017365782
0.3540279979910079
0.33919100989446255
0.32528188557703264
0.31223215364913626
0.2999783483685834
0.2884617810005046
0.27762827790212957
0.26742790082414025
0.25781466087739235
0.24874623442397237
0.2401836866723071
0.23209120685633217
0.2244358574438591
0.2171873387519616
0.21031776956687123
0.2038014838071702
0.1976148428795613
0.19173606311482835
0.18614505750537863
0.18082329086987087
0.175753647525611
0.17092031054095352
0.1663086516567779
0.16190513099991158
0.1576972057560014
0.15367324702025198
0.14982246409843347
0.14613483558527096
0.1426010466011599
0.13921243162006278
0.13596092237069
0.132839000339328
0.1298396534456603
0.12695633650268087
0.12418293510828121
0.12151373264948993
0.118943380130772
0.11646686856545006
0.11407950369440353
0.11177688281889746
0.10955487355493057
0.10740959433502126
0.10533739650007473
0.10333484783905847
0.10139871744779888
0.09952596179046357
0.09771371185832434
0.09595926133034006
0.09426005564905632
0.09261368193338693
0.09101785965712801
0.08947043202860931
0.08796935801281336
0.08651270494263182
0.08509864167075314
0.08372543221803508
0.08239142987815087
0.08109507174186112
0.07983487360748996
0.07860942524709301
0.0774173860004603
0.0762574806714855
0.07512849570360912
0.07402927561301975
0.07295871966008742
0.07191577874113182
0.07089945248411474
0.06990878653319009
0.06894287000827574
0.06800083312693131
0.06708184497684805
0.06618511142818513
0.06530987317584343
0.0644554039025406
0.0636210085542671
0.06280602172034681
0.06200980611093221
0.06123175112530047
0.06047127150482015
0.059727806064923755
0.059000816500831894
0.05828978626217292
0.05759421949199173
0.056913640025969124
0.056247590447978585
0.05559563119838139
0.054957339731716376
0.054332309720680566
0.05372015030350933
0.05312048537206925
0.05253295289816247
0.05195720429570799
0.051392903816632696
0.050839727978441426
0.050297365021579166
0.0497655143948214
