2.1693477011375384
2.157611775473642
2.151317104804661
2.1441047866194074
2.1340635938602293
2.127468413873375
2.1262376763378033
2.12765113452358
2.129807843714901
2.1318049464876863
2.133067260751986
2.133885683559348
2.1349746208649703
2.1365541225092386
2.138332658722699
2.1399612333308653
2.141238850498311
2.1421276664733773
2.14272001311409
2.1431228314936455
2.1433147695372803
2.1430706967251307
2.14192774415777
2.139097274786791
2.133238924017339
2.122009961368816
2.1013002387664157
2.064178901378331
1.9999863617623137
1.894604505543478
1.7322995799507341
1.496831120474034
1.1775514352672831
0.813034066318408
0.5049890058182674
0.2981454214304375
0.17622940315099014
0.11004650973215954
0.07462151481646231
0.0548932486185049
0.04320701311396622
